1100    -0.000455577
1099    -0.00044376
1098    -0.000498631
1097    -0.000517877
1096    -0.000503447
1095    -0.00052588
1094    -0.000515556
1093    -0.00053211
1092    -0.000509282
1091    -0.000530475
1090    -0.000505767
1089    -0.000525634
1088    -0.000540245
1087    -0.000516168
1086    -0.000490739
1085    -0.000482322
1084    -0.000477697
1083    -0.000539262
1082    -0.000529744
1081    -0.000562837
1080    -0.000512925
1079    -0.000587542
1078    -0.000548939
1077    -0.000544842
1076    -0.000543975
1075    -0.000535267
1074    -0.000513404
1073    -0.000481344
1072    -0.000486859
1071    -0.000486474
1070    -0.000498147
1069    -0.000518423
1068    -0.000534642
1067    -0.000520249
1066    -0.000520853
1065    -0.000507588
1064    -0.000522848
1063    -0.000550036
1062    -0.000538536
1061    -0.000582722
1060    -0.000559876
1059    -0.000611893
1058    -0.000603591
1057    -0.000612568
1056    -0.000585821
1055    -0.000600628
1054    -0.000625116
1053    -0.000588608
1052    -0.000569059
1051    -0.000548421
1050    -0.000594802
1049    -0.00059223
1048    -0.00060516
1047    -0.000602839
1046    -0.00061615
1045    -0.000560359
1044    -0.000573949
1043    -0.00053403
1042    -0.000537669
1041    -0.000522147
1040    -0.000514877
1039    -0.00049702
1038    -0.000454486
1037    -0.000475058
1036    -0.000431258
1035    -0.000452914
1034    -0.000443251
1033    -0.000486226
1032    -0.000476063
1031    -0.000522099
1030    -0.000510494
1029    -0.000544818
1028    -0.000514066
1027    -0.00059641
1026    -0.000576583
1025    -0.000614839
1024    -0.000604739
1023    -0.000631419
1022    -0.000647899
1021    -0.000647755
1020    -0.000646072
1019    -0.000678655
1018    -0.000678906
1017    -0.00072152
1016    -0.000728757
1015    -0.000704481
1014    -0.000701985
1013    -0.000657566
1012    -0.000723849
1011    -0.000671694
1010    -0.000668958
1009    -0.000656018
1008    -0.000629684
1007    -0.000589292
1006    -0.000569805
1005    -0.000554401
1004    -0.000515735
1003    -0.000508393
1002    -0.000461949
1001    -0.000449814
1000    -0.000408863
999     -0.000422387
998     -0.000412532
997     -0.000389269
996     -0.000393823
995     -0.000354951
994     -0.000358803
993     -0.000353681
992     -0.000292596
991     -0.000326936
990     -0.000323856
989     -0.000341953
988     -0.000341364
987     -0.000370711
986     -0.000354092
985     -0.000352245
984     -0.000355853
983     -0.000364687
982     -0.000386295
981     -0.00037326
980     -0.000362347
979     -0.000389936
978     -0.000377413
977     -0.000400377
976     -0.000409788
975     -0.000378843
974     -0.000391055
973     -0.000354441
972     -0.000414865
971     -0.000379666
970     -0.000382343
969     -0.000341634
968     -0.000349378
967     -0.000398857
966     -0.000397833
965     -0.000412265
964     -0.000391053
963     -0.000450958
962     -0.000425702
961     -0.000406214
960     -0.000395131
959     -0.000442693
958     -0.000415635
957     -0.000436541
956     -0.000404503
955     -0.000421129
954     -0.000419486
953     -0.000429309
952     -0.000477527
951     -0.000465925
950     -0.000474975
949     -0.000466523
948     -0.000469079
947     -0.000464719
946     -0.00048928
945     -0.00048761
944     -0.000496721
943     -0.000450347
942     -0.000466026
941     -0.000467422
940     -0.00049452
939     -0.000490873
938     -0.000490251
937     -0.000508814
936     -0.000501433
935     -0.000508195
934     -0.000487838
933     -0.00049848
932     -0.000487522
931     -0.000487886
930     -0.000485475
929     -0.000505801
928     -0.000509569
927     -0.000505648
926     -0.000554549
925     -0.000537463
924     -0.000532195
923     -0.000525502
922     -0.000532721
921     -0.000555343
920     -0.00053315
919     -0.000548518
918     -0.00055138
917     -0.000543335
916     -0.000562939
915     -0.000535056
914     -0.000608269
913     -0.000597878
912     -0.000638772
911     -0.000601251
910     -0.00063756
909     -0.000657626
908     -0.000700412
907     -0.000734925
906     -0.000750194
905     -0.000799448
904     -0.000812677
903     -0.000739241
902     -0.000782281
901     -0.000796561
900     -0.000795837
899     -0.000761911
898     -0.000791524
897     -0.00077532
896     -0.000760934
895     -0.00068658
894     -0.000660282
893     -0.000641522
892     -0.000627125
891     -0.000554552
890     -0.000528408
889     -0.000489193
888     -0.000509821
887     -0.000453694
886     -0.000428697
885     -0.000399218
884     -0.000410234
883     -0.000426316
882     -0.000410799
881     -0.000396182
880     -0.000415759
879     -0.000428383
878     -0.000482564
877     -0.000486353
876     -0.000493297
875     -0.000490916
874     -0.000513849
873     -0.000509584
872     -0.000507066
871     -0.000511387
870     -0.000543935
869     -0.000546141
868     -0.000541166
867     -0.000539076
866     -0.000554494
865     -0.000531606
864     -0.000518118
863     -0.00052318
862     -0.000522919
861     -0.00052469
860     -0.000525134
859     -0.000534866
858     -0.00052828
857     -0.000527005
856     -0.000518267
855     -0.000491811
854     -0.000485329
853     -0.000478298
852     -0.000479657
851     -0.000486731
850     9.58E-05
849     -1.20E-05
848     -0.000246913
847     -0.000363304
846     -0.000393842
845     -0.000265841
844     -0.000154312
843     -0.000307932
842     -0.00037633
841     -0.000410064
840     -0.000280237
839     -0.000346231
838     -0.000309201
837     -0.000268918
836     -0.000126635
835     -4.99E-05
834     -9.43E-05
833     -0.000101679
832     -9.22E-05
831     -0.000113991
830     -0.000219795
829     -0.000211924
828     -0.00026184
827     -0.000309713
826     -0.000301758
825     -0.00031133
824     -0.000268333
823     -0.000260389
822     -0.000228678
821     -0.000276918
820     -0.000280719
819     -0.000345064
818     -0.000236049
817     -0.000297183
816     -0.000302312
815     -0.000312272
814     -0.000309546
813     -0.00018677
812     -0.000137543
811     -7.43E-05
810     -0.0001329
809     -0.000152768
808     -0.000150497
807     -0.000112432
806     -0.000158441
805     -0.000133957
804     -0.000143778
803     -0.000165344
802     -0.0001676
801     -0.00020253
800     -0.000241524
799     -0.000254686
798     -0.000225428
797     -0.000253765
796     -0.000269599
795     -0.000328375
794     -0.000279347
793     -0.00026594
792     -0.000218991
791     -0.000230488
790     -0.000271495
789     -0.00033332
788     -0.000338854
787     -0.000358954
786     -0.000298619
785     -0.000346681
784     -0.000310022
783     -0.000294551
782     -0.000246611
781     -0.000197363
780     -0.000165977
779     -0.000158603
778     -0.000197762
777     -0.000243387
776     -0.000231932
775     -0.000273973
774     -0.000252536
773     -0.000346987
772     -0.000291082
771     -0.000282736
770     -0.000214076
769     -0.00019613
768     -0.000230899
767     -0.000183036
766     -0.000162038
765     -0.000148395
764     -0.000207214
763     -0.000210001
762     -0.000234743
761     -0.00022184
760     -0.000237907
759     -0.000244138
758     -0.000254499
757     -0.000269776
756     -0.000245491
755     -0.000214993
754     -0.000196313
753     -0.000118811
752     -0.000138254
751     -0.000128698
750     -0.000200585
749     -0.000247335
748     -0.000260393
747     -0.000250327
746     -0.000237677
745     -0.000178172
744     -0.000168212
743     -0.000130699
742     -0.000174371
741     -0.000170472
740     -0.000195364
739     -0.000243992
738     -0.000225746
737     -0.000201
736     -0.000185915
735     -0.000183601
734     -0.000190363
733     -0.000160628
732     -0.00013891
731     -0.000117408
730     -0.000131904
729     -0.000170454
728     -0.00014768
727     -0.000157948
726     -0.000167862
725     -0.00013582
724     -0.000143996
723     -0.0001267
722     -0.000165452
721     -0.000203227
720     -0.000263482
719     -0.000229689
718     -0.000227651
717     -0.000227389
716     -0.000196101
715     -0.000190736
714     -0.000209398
713     -0.000200298
712     -0.000221659
711     -0.000189387
710     -0.000157045
709     -0.000185846
708     -0.000205852
707     -0.000246323
706     -0.000237787
705     -0.000220702
704     -0.000197844
703     -0.000184706
702     -0.000204084
701     -0.000203197
700     -0.000170192
699     -0.000169565
698     -0.000164231
697     -0.000171592
696     -0.000213547
695     -0.000189044
694     -0.000200567
693     -0.000198425
692     -0.000238114
691     -0.000224678
690     -0.000240703
689     -0.000214972
688     -0.000192902
687     -0.00015188
686     -0.000154923
685     -0.000160637
684     -0.000199236
683     -0.000182109
682     -0.00015892
681     -0.000169892
680     -0.000179114
679     -0.000165459
678     -0.000116044
677     -0.000119018
676     -0.000118775
675     -9.40E-05
674     -0.000140148
673     -0.000131783
672     -9.22E-05
671     -2.87E-05
670     -6.51E-05
669     -7.04E-05
668     -0.000113323
667     -0.000121927
666     -0.000120865
665     -9.81E-05
664     -8.01E-05
663     -8.99E-05
662     -4.37E-05
661     -1.53E-05
660     -6.92E-06
659     -1.19E-05
658     -3.45E-06
657     6.27E-05
656     0.000113779
655     4.87E-05
654     7.05E-05
653     7.93E-05
652     0.000108842
651     0.00011506
650     0.000124929
649     0.000123121
648     0.000134918
647     0.000168348
646     0.000198951
645     0.000250306
644     0.000317836
643     0.00030656
642     0.000321962
641     0.000347926
640     0.000405058
639     0.000450298
638     0.00047808
637     0.000444033
636     0.000461453
635     0.000516331
634     0.00059837
633     0.000636931
632     0.000667481
631     0.000694868
630     0.000727119
629     0.000759758
628     0.000890395
627     0.000936728
626     0.00101436
625     0.00103873
624     0.00115076
623     0.00123971
622     0.00134593
621     0.00142894
620     0.00148879
619     0.00155526
618     0.00165275
617     0.0017429
616     0.00185253
615     0.00194565
614     0.0021061
613     0.00218953
612     0.00232888
611     0.00246072
610     0.00257897
609     0.00270942
608     0.00286566
607     0.00302136
606     0.00317915
605     0.00335991
604     0.0035069
603     0.00371144
602     0.00386842
601     0.00410157
600     0.00426355
599     0.0045132
598     0.00475801
597     0.00504069
596     0.00528949
595     0.00554117
594     0.0057571
593     0.0060349
592     0.00630544
591     0.00663931
590     0.00696135
589     0.00730865
588     0.00764101
587     0.00800428
586     0.00836249
585     0.00879812
584     0.00918764
583     0.00962326
582     0.010035
581     0.0104525
580     0.010901
579     0.0113904
578     0.0118962
577     0.0123907
576     0.0129255
575     0.0134798
574     0.0140369
573     0.0146254
572     0.0151614
571     0.015745
570     0.016331
569     0.0169623
568     0.0175592
567     0.018184
566     0.0188445
565     0.0195578
564     0.0202953
563     0.0210233
562     0.0217689
561     0.0224843
560     0.0232638
559     0.024021
558     0.0248092
557     0.0255737
556     0.0263381
555     0.0271781
554     0.0279698
553     0.0288302
552     0.0296976
551     0.0305948
550     0.0314543
549     0.0323358
548     0.0332187
547     0.0341493
546     0.0350641
545     0.035997
544     0.0369273
543     0.0378678
542     0.0388055
541     0.039749
540     0.0407076
539     0.0416121
538     0.0425393
537     0.0435145
536     0.0444819
535     0.0454862
534     0.0464168
533     0.0473941
532     0.0483147
531     0.0492432
530     0.0501527
529     0.0510885
528     0.0519786
527     0.0529005
526     0.0538428
525     0.0547529
524     0.0556226
523     0.0564686
522     0.0573344
521     0.0582217
520     0.0590671
519     0.0598922
518     0.0607285
517     0.0615334
516     0.0623227
515     0.0630984
514     0.0639003
513     0.064636
512     0.0653778
511     0.0661109
510     0.0668178
509     0.0675479
508     0.0682645
507     0.0689253
506     0.0696059
505     0.0701752
504     0.0707701
503     0.071333
502     0.0719057
501     0.0725116
500     0.0730546
499     0.0735951
498     0.0740881
497     0.0745193
496     0.0750202
495     0.0754521
494     0.0759067
493     0.0762959
492     0.0766924
491     0.0770258
490     0.0773716
489     0.0776895
488     0.0780101
487     0.0782097
486     0.0784227
485     0.0785937
484     0.0787622
483     0.0789216
482     0.0790454
481     0.0790912
480     0.0791662
479     0.0791658
478     0.0791653
477     0.0791398
476     0.0790246
475     0.0789129
474     0.0787587
473     0.078648
472     0.0784953
471     0.0783088
470     0.0781115
469     0.0778185
468     0.0775713
467     0.0772419
466     0.076928
465     0.0766037
464     0.0762914
463     0.0758953
462     0.075466
461     0.0749965
460     0.0745109
459     0.0739975
458     0.0734847
457     0.0729554
456     0.0724357
455     0.0719532
454     0.0713932
453     0.0708215
452     0.0701461
451     0.0695049
450     0.0688529
449     0.0681895
448     0.0675008
447     0.0667561
446     0.0660517
445     0.0652929
444     0.0645731
443     0.0637939
442     0.0630371
441     0.062201
440     0.0614454
439     0.0605545
438     0.0597916
437     0.0589534
436     0.0582004
435     0.0573711
434     0.0565354
433     0.0557304
432     0.054865
431     0.0539904
430     0.0531025
429     0.052304
428     0.0514776
427     0.0507168
426     0.0498515
425     0.0490243
424     0.048142
423     0.0473391
422     0.0464742
421     0.0456856
420     0.0449583
419     0.0442337
418     0.0435075
417     0.0427601
416     0.0419665
415     0.0412306
414     0.0405517
413     0.0400815
412     0.0395002
411     0.0389641
410     0.038353
409     0.0378044
408     0.0373318
407     0.0369205
406     0.0364828
405     0.0362487
404     0.0359472
403     0.0357322
402     0.0356075
401     0.0355566
400     0.0355994
399     0.0357786
398     0.0360506
397     0.0364455
396     0.0368252
395     0.0372991
394     0.0379017
393     0.0385937
392     0.0394897
391     0.0404587
390     0.0415606
389     0.0427555
388     0.0440122
387     0.0453081
386     0.0467018
385     0.048204
384     0.0497793
383     0.0514403
382     0.0532354
381     0.0550329
380     0.0569423
379     0.0588777
378     0.0607368
377     0.0627051
376     0.0647178
375     0.06682
374     0.0690784
373     0.0712944
372     0.073494
371     0.0756542
370     0.0777985
369     0.080039
368     0.082391
367     0.0846887
366     0.0869188
365     0.0888905
364     0.090974
363     0.0928808
362     0.0950118
361     0.0969381
360     0.0989172
359     0.100652
358     0.102384
357     0.103932
356     0.105493
355     0.106937
354     0.108296
353     0.10955
352     0.110695
351     0.11197
350     0.113194
349     0.114402
348     0.115537
347     0.116505
346     0.117338
345     0.118135
344     0.118857
343     0.119517
342     0.1201
341     0.120715
340     0.121244
339     0.121799
338     0.122188
337     0.122389
336     0.122634
335     0.122917
334     0.123194
333     0.123454
332     0.123592
331     0.123912
330     0.124217
329     0.124597
328     0.124966
327     0.125316
326     0.125765
325     0.12623
324     0.126966
323     0.127832
322     0.129068
321     0.130616
320     0.132423
319     0.134641
318     0.137283
317     0.140585
316     0.144442
315     0.148902
314     0.153913
313     0.159602
312     0.165968
311     0.172951
310     0.18038
309     0.188322
308     0.196755
307     0.205797
306     0.215325
305     0.225427
304     0.236061
303     0.247465
302     0.259601
301     0.27237
300     0.285839
299     0.299927
298     0.314598
297     0.329583
296     0.345095
295     0.361009
294     0.377803
293     0.395559
292     0.414274
291     0.433866
290     0.454032
289     0.474309
288     0.494194
287     0.513152
286     0.530705
285     0.546566
284     0.560677
283     0.572963
282     0.583496
281     0.592143
280     0.599226
279     0.60484
278     0.609221
277     0.612588
276     0.614722
275     0.615783
274     0.615725
273     0.614584
272     0.61278
271     0.610429
270     0.607522
269     0.604277
268     0.600249
267     0.595726
266     0.590717
265     0.5855
264     0.579698
263     0.572915
262     0.564755
261     0.555145
260     0.544047
259     0.531824
258     0.518417
257     0.504005
256     0.48865
255     0.472272
254     0.455119
253     0.43729
252     0.419046
251     0.400516
250     0.381717
249     0.363102
248     0.344513
247     0.326363
246     0.308635
245     0.291649
244     0.275349
243     0.25969
242     0.244851
241     0.230866
240     0.218056
239     0.206316
238     0.195866
237     0.18672
236     0.178997
235     0.172653
234     0.167623
233     0.163705
232     0.160801
231     0.158946
230     0.157985
