1100    -0.00151007
1099    -0.00154172
1098    -0.00156105
1097    -0.00160416
1096    -0.00156734
1095    -0.00157762
1094    -0.0015706
1093    -0.00160433
1092    -0.00159904
1091    -0.00159147
1090    -0.00158988
1089    -0.0016166
1088    -0.0015857
1087    -0.0016294
1086    -0.0015898
1085    -0.00161043
1084    -0.00158478
1083    -0.00160945
1082    -0.00161489
1081    -0.00164047
1080    -0.00159995
1079    -0.00162738
1078    -0.00162921
1077    -0.00162243
1076    -0.00164856
1075    -0.00162186
1074    -0.00161529
1073    -0.00160424
1072    -0.00161192
1071    -0.00158851
1070    -0.00157296
1069    -0.00159719
1068    -0.00159253
1067    -0.00162222
1066    -0.00162923
1065    -0.00164222
1064    -0.0016513
1063    -0.00166382
1062    -0.0016605
1061    -0.00166955
1060    -0.00166295
1059    -0.00170947
1058    -0.00170024
1057    -0.00173635
1056    -0.00171469
1055    -0.00171043
1054    -0.00172074
1053    -0.00166448
1052    -0.00168573
1051    -0.00166926
1050    -0.00170018
1049    -0.00167042
1048    -0.00168973
1047    -0.0017119
1046    -0.00171451
1045    -0.00170456
1044    -0.00168061
1043    -0.00163463
1042    -0.00163093
1041    -0.0016132
1040    -0.00158781
1039    -0.00156962
1038    -0.0015312
1037    -0.00156613
1036    -0.00155691
1035    -0.00156711
1034    -0.0015441
1033    -0.00157388
1032    -0.0016172
1031    -0.00165486
1030    -0.00165111
1029    -0.00164765
1028    -0.00169127
1027    -0.00172225
1026    -0.00175229
1025    -0.00174527
1024    -0.00175225
1023    -0.00178324
1022    -0.00179934
1021    -0.00180697
1020    -0.00179302
1019    -0.00180597
1018    -0.00183219
1017    -0.00188134
1016    -0.00185144
1015    -0.00186482
1014    -0.0018519
1013    -0.00183703
1012    -0.00186869
1011    -0.00183848
1010    -0.00183448
1009    -0.00184749
1008    -0.00179793
1007    -0.00180885
1006    -0.00169662
1005    -0.00172914
1004    -0.00169042
1003    -0.00167988
1002    -0.00162593
1001    -0.00160927
1000    -0.00156326
999     -0.00153355
998     -0.00153451
997     -0.00150833
996     -0.00154647
995     -0.00145891
994     -0.00148093
993     -0.00146393
992     -0.00144571
991     -0.00146849
990     -0.00146263
989     -0.00147998
988     -0.00150972
987     -0.00151572
986     -0.0015497
985     -0.00152217
984     -0.00152258
983     -0.00153191
982     -0.00153992
981     -0.00154379
980     -0.00152947
979     -0.00155565
978     -0.00157712
977     -0.0015507
976     -0.00156795
975     -0.00155038
974     -0.00159113
973     -0.00155287
972     -0.00161286
971     -0.00157704
970     -0.00158565
969     -0.00155801
968     -0.00156195
967     -0.00155516
966     -0.00155025
965     -0.00154048
964     -0.001568
963     -0.00156831
962     -0.00156796
961     -0.00154632
960     -0.00154766
959     -0.00157844
958     -0.00156567
957     -0.00159499
956     -0.00155754
955     -0.00160244
954     -0.00159727
953     -0.00161403
952     -0.00161045
951     -0.00161163
950     -0.00160952
949     -0.00162944
948     -0.00164343
947     -0.00160057
946     -0.00160066
945     -0.00160191
944     -0.00163128
943     -0.00163422
942     -0.0016281
941     -0.00165428
940     -0.00165625
939     -0.0016644
938     -0.00165379
937     -0.00166645
936     -0.00168048
935     -0.00168121
934     -0.00165199
933     -0.0016228
932     -0.00164053
931     -0.00164041
930     -0.00164489
929     -0.00165076
928     -0.0016425
927     -0.00164625
926     -0.00166207
925     -0.00166283
924     -0.00164361
923     -0.00162415
922     -0.00164671
921     -0.00166624
920     -0.00169717
919     -0.00168977
918     -0.00170553
917     -0.00166613
916     -0.00170864
915     -0.00171223
914     -0.00175227
913     -0.00173265
912     -0.00177058
911     -0.00179301
910     -0.00183391
909     -0.00183621
908     -0.00183308
907     -0.00187299
906     -0.00192695
905     -0.00197085
904     -0.00198702
903     -0.0019531
902     -0.00196879
901     -0.0019781
900     -0.00197063
899     -0.00194682
898     -0.00193652
897     -0.00190398
896     -0.00185448
895     -0.00179678
894     -0.00175185
893     -0.00170884
892     -0.00168463
891     -0.00164443
890     -0.00161088
889     -0.00158045
888     -0.001539
887     -0.00149996
886     -0.00146735
885     -0.00143024
884     -0.00148014
883     -0.0014548
882     -0.00146405
881     -0.00146542
880     -0.00148541
879     -0.00146658
878     -0.0015087
877     -0.00149939
876     -0.00157821
875     -0.00155398
874     -0.00157082
873     -0.00155463
872     -0.00158763
871     -0.0015916
870     -0.00160658
869     -0.0016177
868     -0.00162044
867     -0.00163924
866     -0.00164492
865     -0.00163336
864     -0.00161603
863     -0.0016087
862     -0.0015944
861     -0.00160893
860     -0.00163654
859     -0.0016403
858     -0.00164715
857     -0.00167304
856     -0.00165613
855     -0.00163871
854     -0.00163797
853     -0.00163405
852     -0.00164252
851     -0.00165227
850     0.000356208
849     0.000144456
848     -6.82E-05
847     -9.50E-05
846     4.78E-05
845     -6.06E-06
844     0.000142336
843     0.000156784
842     0.000275768
841     0.000284977
840     0.000246744
839     0.000127424
838     0.000117096
837     7.56E-05
836     0.000184565
835     0.000260078
834     0.000262068
833     0.000283446
832     0.00026955
831     0.000249795
830     0.000153817
829     0.000172519
828     0.000199045
827     0.000115816
826     7.25E-05
825     2.05E-05
824     8.91E-05
823     0.000118576
822     0.000165605
821     8.87E-05
820     7.72E-05
819     5.55E-05
818     0.00012145
817     6.05E-05
816     7.61E-05
815     7.15E-05
814     0.000111432
813     0.000166485
812     0.000214965
811     0.000304938
810     0.000251021
809     0.000186261
808     0.000166424
807     0.000204559
806     0.000165907
805     0.000201356
804     0.000220835
803     0.0002103
802     0.000161785
801     0.000105703
800     0.000118485
799     0.000148135
798     0.000133015
797     0.000117433
796     9.46E-05
795     4.51E-05
794     7.23E-05
793     5.60E-05
792     0.0001701
791     0.000169913
790     9.51E-05
789     -1.88E-06
788     -2.05E-05
787     -3.17E-06
786     5.17E-05
785     2.20E-06
784     6.94E-05
783     3.51E-05
782     0.000106342
781     8.60E-05
780     8.81E-05
779     0.000128281
778     0.000149665
777     0.000114829
776     0.000126383
775     7.54E-05
774     5.72E-05
773     -5.35E-06
772     4.29E-05
771     4.12E-05
770     8.80E-05
769     9.58E-05
768     0.00010221
767     0.000131351
766     6.73E-05
765     7.30E-05
764     4.03E-05
763     0.00012436
762     0.000137882
761     0.000122937
760     6.76E-05
759     4.32E-05
758     5.35E-05
757     0.00010118
756     9.33E-05
755     7.16E-05
754     4.37E-05
753     0.000113494
752     0.000123616
751     0.000151523
750     0.00014734
749     0.000100706
748     8.12E-05
747     7.85E-05
746     2.89E-05
745     0.000101914
744     7.58E-05
743     0.000140716
742     0.000144823
741     0.000138625
740     3.24E-05
739     6.72E-05
738     8.38E-05
737     7.36E-05
736     7.91E-05
735     2.61E-05
734     1.90E-05
733     6.00E-05
732     6.45E-05
731     7.34E-05
730     5.46E-05
729     5.44E-05
728     0.000122883
727     0.000111445
726     0.000118298
725     9.80E-05
724     8.66E-05
723     6.61E-05
722     3.54E-05
721     2.97E-05
720     1.39E-05
719     8.93E-06
718     1.17E-05
717     4.50E-06
716     4.52E-05
715     3.40E-05
714     8.51E-06
713     4.83E-05
712     4.84E-05
711     8.24E-05
710     8.90E-05
709     6.14E-05
708     2.98E-05
707     -3.75E-06
706     7.87E-06
705     -2.88E-05
704     -1.81E-05
703     -9.13E-06
702     -3.16E-05
701     2.76E-05
700     4.04E-05
699     7.44E-05
698     5.45E-05
697     3.69E-05
696     -7.05E-06
695     1.94E-05
694     2.47E-05
693     1.48E-05
692     -2.43E-05
691     -4.31E-05
690     1.30E-05
689     2.20E-05
688     4.49E-05
687     2.27E-05
686     -1.40E-05
685     -5.82E-05
684     -7.74E-05
683     -1.39E-05
682     3.73E-05
681     4.59E-05
680     3.47E-05
679     1.81E-05
678     5.61E-05
677     2.79E-05
676     5.02E-05
675     7.00E-05
674     5.62E-05
673     9.73E-05
672     0.000123819
671     0.000161293
670     0.000155556
669     0.000153634
668     7.88E-05
667     5.48E-05
666     3.66E-05
665     3.88E-05
664     1.43E-05
663     1.73E-05
662     3.56E-05
661     9.37E-05
660     6.87E-05
659     8.31E-05
658     7.32E-05
657     7.81E-05
656     0.000106512
655     5.94E-05
654     8.23E-05
653     0.000110213
652     0.000101272
651     0.000104452
650     0.000110134
649     9.35E-05
648     7.79E-05
647     7.37E-05
646     9.00E-05
645     0.000137318
644     0.000185067
643     0.000177147
642     0.000135539
641     0.000166785
640     0.000167904
639     0.000180104
638     0.000150533
637     8.37E-05
636     8.56E-05
635     8.99E-05
634     0.000114173
633     0.000148942
632     0.00012305
631     0.000137406
630     8.30E-05
629     7.63E-05
628     0.00013934
627     0.000159296
626     0.00019525
625     0.000189097
624     0.000216515
623     0.000234117
622     0.00020728
621     0.000191076
620     0.000166328
619     0.000149225
618     0.000169795
617     0.000180942
616     0.000180883
615     0.000186889
614     0.000211291
613     0.000212326
612     0.000226556
611     0.000211415
610     0.000183345
609     0.000179642
608     0.00017774
607     0.0001697
606     0.000207267
605     0.000243011
604     0.000231034
603     0.000248792
602     0.00023669
601     0.000244788
600     5.23E-05
599     8.14E-05
598     9.52E-05
597     0.000119626
596     0.000128413
595     0.000124726
594     7.62E-05
593     5.50E-05
592     6.93E-06
591     5.96E-05
590     0.000135307
589     0.000144465
588     0.000125822
587     0.000108005
586     0.000107017
585     0.000122038
584     0.000119208
583     0.000123305
582     0.000120385
581     7.00E-05
580     5.55E-05
579     8.14E-05
578     0.000125189
577     0.000126172
576     0.000140436
575     0.00010862
574     0.000119242
573     0.000128506
572     0.000123605
571     0.000133198
570     0.000108038
569     0.000134896
568     9.59E-05
567     9.77E-05
566     0.000104575
565     0.000146702
564     0.00017631
563     0.000190656
562     0.000225624
561     0.000254814
560     0.000330267
559     0.000374761
558     0.000449468
557     0.000458731
556     0.000436227
555     0.00044013
554     0.000394054
553     0.000358504
552     0.000284992
551     0.000301919
550     0.000285544
549     0.000279336
548     0.000272239
547     0.000321184
546     0.00035814
545     0.000358932
544     0.000389354
543     0.00038672
542     0.000406166
541     0.000430822
540     0.000447694
539     0.000421221
538     0.000439424
537     0.000459675
536     0.000464308
535     0.000464087
534     0.000449674
533     0.000494805
532     0.000465361
531     0.00045499
530     0.000421198
529     0.000444923
528     0.000408692
527     0.000419664
526     0.000484003
525     0.000513535
524     0.000512159
523     0.000508028
522     0.000531351
521     0.00055271
520     0.000645377
519     0.000625091
518     0.000650384
517     0.000649405
516     0.00065518
515     0.000622353
514     0.000620669
513     0.000602622
512     0.000582533
511     0.000649039
510     0.000677817
509     0.000740811
508     0.000775304
507     0.000755304
506     0.000762755
505     0.000738645
504     0.000747038
503     0.000720182
502     0.000705777
501     0.000739097
500     0.000772252
499     0.000800957
498     0.000790243
497     0.000755615
496     0.00077195
495     0.000790708
494     0.000856953
493     0.00085343
492     0.000866381
491     0.00085181
490     0.000876393
489     0.000904092
488     0.000940353
487     0.000926866
486     0.000907548
485     0.000915608
484     0.000939121
483     0.00097462
482     0.000978363
481     0.000987387
480     0.00101989
479     0.00101009
478     0.0010056
477     0.00103411
476     0.00103626
475     0.00101469
474     0.00102322
473     0.00103833
472     0.00108567
471     0.00108236
470     0.00110913
469     0.00102692
468     0.00106642
467     0.0010663
466     0.00110368
465     0.00114854
464     0.00115481
463     0.00113402
462     0.00108097
461     0.00107948
460     0.00113223
459     0.00115262
458     0.0011665
457     0.0011491
456     0.00117481
455     0.00123012
454     0.00128342
453     0.00129004
452     0.00125375
451     0.00124704
450     0.00128268
449     0.00133383
448     0.00129626
447     0.00122616
446     0.00122263
445     0.00124567
444     0.00126248
443     0.00126862
442     0.00128686
441     0.00125349
440     0.00130867
439     0.00127096
438     0.00130869
437     0.0013029
436     0.00134206
435     0.00134905
434     0.00134803
433     0.00136187
432     0.00132657
431     0.00133141
430     0.00137042
429     0.00138879
428     0.0014294
427     0.00148503
426     0.0014739
425     0.00144142
424     0.00135908
423     0.00138456
422     0.00140917
421     0.00147475
420     0.00144213
419     0.00142772
418     0.0014257
417     0.00144722
416     0.00140022
415     0.00141865
414     0.00138766
413     0.00152053
412     0.00154057
411     0.00158702
410     0.00148935
409     0.00150715
408     0.00157594
407     0.00160152
406     0.0015354
405     0.0015535
404     0.00154166
403     0.00153714
402     0.00159867
401     0.00160645
400     0.0015968
399     0.00162713
398     0.00164286
397     0.00167058
396     0.00165237
395     0.00163445
394     0.00164076
393     0.00168933
392     0.00174062
391     0.00173924
390     0.0017549
389     0.00178617
388     0.00183028
387     0.0017909
386     0.00175398
385     0.00170034
384     0.0017141
383     0.00182714
382     0.00192858
381     0.00201285
380     0.00197229
379     0.00199665
378     0.00190332
377     0.00188079
376     0.00182822
375     0.00186557
374     0.00199909
373     0.00210623
372     0.00216121
371     0.00207843
370     0.00207655
369     0.00211906
368     0.00225839
367     0.00236659
366     0.00241746
365     0.00229977
364     0.00225957
363     0.00224035
362     0.00232459
361     0.00231097
360     0.00240186
359     0.00249878
358     0.0025496
357     0.00263617
356     0.00263713
355     0.00272445
354     0.00269298
353     0.00264981
352     0.00264593
351     0.00269095
350     0.00287837
349     0.00286234
348     0.00300386
347     0.00308251
346     0.0032031
345     0.00323751
344     0.00324014
343     0.0032442
342     0.00330708
341     0.00355087
340     0.00377288
339     0.00411824
338     0.00425982
337     0.00448437
336     0.004942
335     0.00574165
334     0.00702409
333     0.00856262
332     0.0108663
331     0.0142932
330     0.0193007
329     0.026427
328     0.0362247
327     0.048909
326     0.0643252
325     0.0810908
324     0.0974618
323     0.11128
322     0.121629
321     0.129435
320     0.136788
319     0.145897
318     0.157583
317     0.171682
316     0.187458
315     0.204259
314     0.221863
313     0.240959
312     0.26246
311     0.286477
310     0.311528
309     0.335262
308     0.355246
307     0.371325
306     0.38507
305     0.39902
304     0.414631
303     0.431932
302     0.449968
301     0.467568
300     0.484339
299     0.500586
298     0.516724
297     0.532519
296     0.546986
295     0.558982
294     0.568526
293     0.576371
292     0.583682
291     0.591109
290     0.5985
289     0.605341
288     0.611178
287     0.615742
286     0.619332
285     0.62217
284     0.624378
283     0.625515
282     0.625763
281     0.624846
280     0.623402
279     0.62134
278     0.618929
277     0.616045
276     0.612576
275     0.608323
274     0.603144
273     0.597079
272     0.590512
271     0.583273
270     0.575645
269     0.567776
268     0.559547
267     0.551193
266     0.542641
265     0.534066
264     0.52542
263     0.516772
262     0.508175
261     0.499359
260     0.490578
259     0.481952
258     0.473494
257     0.465276
256     0.457235
255     0.449208
254     0.441059
253     0.432358
252     0.423303
251     0.413556
250     0.403628
249     0.393248
248     0.382867
247     0.372197
246     0.361669
245     0.351116
244     0.340793
243     0.330666
242     0.320975
241     0.311813
240     0.303515
239     0.296077
238     0.289595
237     0.284247
236     0.280152
235     0.277433
234     0.275968
233     0.275739
232     0.276623
231     0.278669
230     0.28163
