1100    0.000256
1099    0.000261
1098    0.000262
1097    0.000264
1096    0.000266
1095    0.000268
1094    0.000274
1093    0.000278
1092    0.00028
1091    0.000275
1090    0.00028
1089    0.000286
1088    0.000291
1087    0.000297
1086    0.000297
1085    0.000297
1084    0.000308
1083    0.000324
1082    0.000279
1081    0.000262
1080    0.00026
1079    0.00027
1078    0.000273
1077    0.000279
1076    0.000281
1075    0.00029
1074    0.000285
1073    0.000289
1072    0.000287
1071    0.000289
1070    0.000288
1069    0.000297
1068    0.000301
1067    0.000298
1066    0.000297
1065    0.000293
1064    0.000286
1063    0.000288
1062    0.000287
1061    0.000287
1060    0.000287
1059    0.000292
1058    0.000289
1057    0.000283
1056    0.000277
1055    0.000277
1054    0.000275
1053    0.000276
1052    0.000283
1051    0.000298
1050    0.000306
1049    0.000313
1048    0.00031
1047    0.000302
1046    0.000292
1045    0.000283
1044    0.000285
1043    0.000297
1042    0.000312
1041    0.000307
1040    0.000304
1039    0.000301
1038    0.000298
1037    0.00029
1036    0.000287
1035    0.000285
1034    0.000288
1033    0.000285
1032    0.000286
1031    0.000288
1030    0.000291
1029    0.000298
1028    0.0003
1027    0.000294
1026    0.000295
1025    0.000296
1024    0.000295
1023    0.000293
1022    0.000293
1021    0.000281
1020    0.000278
1019    0.00027
1018    0.00027
1017    0.00028
1016    0.000283
1015    0.000285
1014    0.000283
1013    0.000276
1012    0.000272
1011    0.000266
1010    0.000255
1009    0.000248
1008    0.000236
1007    0.000242
1006    0.000263
1005    0.000282
1004    0.00029
1003    0.000297
1002    0.000295
1001    0.000295
1000    0.000289
999     0.00029
998     0.000289
997     0.000292
996     0.000302
995     0.000296
994     0.000297
993     0.000301
992     0.000304
991     0.000308
990     0.000308
989     0.000308
988     0.000308
987     0.000316
986     0.000323
985     0.000333
984     0.000332
983     0.00033
982     0.000322
981     0.000323
980     0.000321
979     0.000312
978     0.000295
977     0.000292
976     0.000303
975     0.000311
974     0.000303
973     0.000286
972     0.000285
971     0.000284
970     0.000281
969     0.000295
968     0.000299
967     0.000317
966     0.000303
965     0.000318
964     0.000307
963     0.000316
962     0.000312
961     0.000309
960     0.000316
959     0.000322
958     0.000296
957     0.000299
956     0.000287
955     0.000304
954     0.000257
953     0.0003
952     0.000259
951     0.000253
950     0.000248
949     0.000277
948     0.000198
947     0.00023
946     0.000146
945     0.000266
944     0.00024
943     0.000236
942     0.000239
941     0.000224
940     0.000155
939     0.000196
938     0.000233
937     0.000197
936     0.00013
935     0.000275
934     0.000197
933     0.000235
932     0.000228
931     0.000236
930     0.000228
929     0.000233
928     0.00022
927     0.000229
926     0.000246
925     0.000264
924     0.000283
923     0.000297
922     0.000291
921     0.000264
920     0.000247
919     0.000255
918     0.00027
917     0.000279
916     0.000284
915     0.000287
914     0.000295
913     0.00029
912     0.000293
911     0.000302
910     0.00029
909     0.000283
908     0.000288
907     0.000274
906     0.00026
905     0.000239
904     0.000213
903     0.000207
902     0.000196
901     0.000217
900     0.000305
899     0.000335
898     0.000344
897     0.000331
896     0.000331
895     0.000345
894     0.00038
893     0.000403
892     0.000421
891     0.000426
890     0.00042
889     0.000425
888     0.000426
887     0.000437
886     0.000442
885     0.000443
884     0.000445
883     0.000449
882     0.000445
881     0.000448
880     0.000434
879     0.000402
878     0.000382
877     0.000371
876     0.000369
875     0.000356
874     0.000358
873     0.000352
872     0.000337
871     0.000346
870     0.000343
869     0.000354
868     0.000359
867     0.000364
866     0.000369
865     0.000362
864     0.000356
863     0.000344
862     0.000352
861     0.000367
860     0.000384
859     0.000392
858     0.000406
857     0.000431
856     0.00045
855     0.000454
854     0.000473
853     0.000456
852     0.000467
851     0.000466
850     0.000482
849     0.000489
848     0.000488
847     0.000491
846     0.000508
845     0.000509
844     0.000512
843     0.000484
842     0.000513
841     0.000476
840     0.000517
839     0.000479
838     0.000499
837     0.000484
836     0.000491
835     0.000478
834     0.000514
833     0.000488
832     0.000462
831     0.0005
830     0.000485
829     0.000494
828     0.000486
827     0.000508
826     0.000455
825     0.000502
824     0.000456
823     0.000462
822     0.000481
821     0.000511
820     0.000504
819     0.000505
818     0.000528
817     0.000516
816     0.00051
815     0.000483
814     0.000551
813     0.000511
812     0.000502
811     0.000508
810     0.000496
809     0.000503
808     0.00052
807     0.00051
806     0.000498
805     0.000499
804     0.000486
803     0.000517
802     0.000489
801     0.000463
800     0.00048
799     0.000454
798     0.000449
797     0.000455
796     0.000458
795     0.000476
794     0.000469
793     0.000435
792     0.000414
791     0.000435
790     0.000404
789     0.000428
788     0.000429
787     0.000454
786     0.000456
785     0.000483
784     0.00051
783     0.000495
782     0.000518
781     0.0005
780     0.00055
779     0.000493
778     0.000517
777     0.000532
776     0.000498
775     0.000521
774     0.000508
773     0.000488
772     0.000461
771     0.00048
770     0.000455
769     0.000475
768     0.00045
767     0.000464
766     0.000501
765     0.000481
764     0.000482
763     0.000443
762     0.000464
761     0.00048
760     0.000479
759     0.000495
758     0.000509
757     0.000487
756     0.000508
755     0.000498
754     0.000485
753     0.000498
752     0.000532
751     0.000521
750     0.00051
749     0.000488
748     0.000476
747     0.000503
746     0.000498
745     0.000507
744     0.000493
743     0.000512
742     0.000496
741     0.000509
740     0.000499
739     0.000499
738     0.000535
737     0.000522
736     0.000513
735     0.000537
734     0.00054
733     0.00055
732     0.000525
731     0.000534
730     0.000535
729     0.000538
728     0.000547
727     0.000555
726     0.000524
725     0.000549
724     0.000548
723     0.000534
722     0.000544
721     0.000532
720     0.000555
719     0.000559
718     0.000565
717     0.000557
716     0.000533
715     0.000531
714     0.000553
713     0.000534
712     0.000549
711     0.000559
710     0.00057
709     0.000576
708     0.000582
707     0.000599
706     0.000609
705     0.000612
704     0.000598
703     0.000583
702     0.00061
701     0.000597
700     0.00059
699     0.000605
698     0.000602
697     0.00061
696     0.000622
695     0.000607
694     0.000597
693     0.000607
692     0.000609
691     0.000623
690     0.000613
689     0.000605
688     0.00061
687     0.000615
686     0.000615
685     0.000608
684     0.000594
683     0.000609
682     0.000603
681     0.000603
680     0.000619
679     0.000638
678     0.000611
677     0.000603
676     0.0006
675     0.000592
674     0.000581
673     0.000613
672     0.000616
671     0.000618
670     0.000612
669     0.000584
668     0.000543
667     0.000513
666     0.000532
665     0.00061
664     0.000674
663     0.000712
662     0.000751
661     0.000798
660     0.000814
659     0.000816
658     0.000834
657     0.000834
656     0.000802
655     0.000804
654     0.000756
653     0.000683
652     0.000686
651     0.0007
650     0.000704
649     0.000717
648     0.000703
647     0.000708
646     0.000711
645     0.000706
644     0.000701
643     0.00069
642     0.000688
641     0.000676
640     0.000666
639     0.000702
638     0.000691
637     0.000685
636     0.000689
635     0.000697
634     0.000699
633     0.000714
632     0.000706
631     0.000706
630     0.000705
629     0.000708
628     0.000705
627     0.000712
626     0.000726
625     0.000724
624     0.000727
623     0.000725
622     0.000721
621     0.000729
620     0.000742
619     0.000737
618     0.00074
617     0.000738
616     0.000731
615     0.000734
614     0.00073
613     0.000727
612     0.00074
611     0.000746
610     0.000739
609     0.000745
608     0.000758
607     0.000746
606     0.000741
605     0.000746
604     0.000757
603     0.000743
602     0.000737
601     0.000745
600     0.000743
599     0.000759
598     0.000754
597     0.000744
596     0.000763
595     0.000746
594     0.000753
593     0.00077
592     0.00079
591     0.000769
590     0.000765
589     0.000768
588     0.000784
587     0.000793
586     0.000796
585     0.000802
584     0.000819
583     0.000817
582     0.000829
581     0.000851
580     0.000842
579     0.000858
578     0.000861
577     0.000876
576     0.000872
575     0.000894
574     0.000892
573     0.00089
572     0.000877
571     0.000867
570     0.000884
569     0.000887
568     0.00087
567     0.000873
566     0.000871
565     0.000853
564     0.000869
563     0.000866
562     0.000881
561     0.000889
560     0.00087
559     0.00087
558     0.000865
557     0.000872
556     0.000873
555     0.00087
554     0.000867
553     0.000873
552     0.000867
551     0.00088
550     0.000878
549     0.0009
548     0.0009
547     0.000897
546     0.000908
545     0.000892
544     0.000892
543     0.000873
542     0.000883
541     0.000884
540     0.000875
539     0.000877
538     0.000876
537     0.000877
536     0.00086
535     0.000858
534     0.00086
533     0.000854
532     0.000843
531     0.000811
530     0.000925
529     0.000921
528     0.000933
527     0.000936
526     0.000931
525     0.000921
524     0.000915
523     0.000934
522     0.000918
521     0.000943
520     0.000934
519     0.000949
518     0.000947
517     0.000947
516     0.000955
515     0.000934
514     0.000929
513     0.00094
512     0.000941
511     0.000945
510     0.000939
509     0.000942
508     0.000942
507     0.000966
506     0.000964
505     0.000975
504     0.00098
503     0.00099
502     0.000992
501     0.00098
500     0.000963
499     0.000972
498     0.000995
497     0.000992
496     0.000976
495     0.000987
494     0.001
493     0.001009
492     0.001015
491     0.001019
490     0.001018
489     0.001032
488     0.00103
487     0.001026
486     0.00102
485     0.00102
484     0.001014
483     0.001019
482     0.001017
481     0.00099
480     0.000973
479     0.000979
478     0.001009
477     0.001051
476     0.001042
475     0.001063
474     0.001063
473     0.001101
472     0.001125
471     0.001147
470     0.001173
469     0.001181
468     0.001185
467     0.001161
466     0.001157
465     0.00117
464     0.001172
463     0.001177
462     0.001187
461     0.001193
460     0.001183
459     0.001183
458     0.001185
457     0.001193
456     0.00118
455     0.001175
454     0.001195
453     0.001199
452     0.001192
451     0.001182
450     0.001169
449     0.001179
448     0.001196
447     0.001202
446     0.001204
445     0.001203
444     0.001188
443     0.001202
442     0.001192
441     0.001201
440     0.001192
439     0.001206
438     0.00123
437     0.00123
436     0.001232
435     0.001229
434     0.001228
433     0.001219
432     0.001225
431     0.001225
430     0.001231
429     0.001241
428     0.001238
427     0.001254
426     0.001274
425     0.001271
424     0.001261
423     0.001269
422     0.001274
421     0.001272
420     0.001278
419     0.001278
418     0.001268
417     0.001272
416     0.00129
415     0.001301
414     0.001322
413     0.001335
412     0.00135
411     0.001375
410     0.001379
409     0.00141
408     0.001401
407     0.001424
406     0.001413
405     0.001386
404     0.00139
403     0.001388
402     0.001376
401     0.001402
400     0.001402
399     0.001426
398     0.00143
397     0.001444
396     0.001419
395     0.001415
394     0.001424
393     0.00145
392     0.001452
391     0.001455
390     0.001455
389     0.001452
388     0.001467
387     0.001469
386     0.001474
385     0.001483
384     0.001472
383     0.001489
382     0.001508
381     0.001501
380     0.001496
379     0.001516
378     0.001538
377     0.001545
376     0.001551
375     0.001542
374     0.001542
373     0.001558
372     0.001582
371     0.001568
370     0.001602
369     0.00159
368     0.0016
367     0.001608
366     0.001618
365     0.001631
364     0.001639
363     0.001652
362     0.001637
361     0.001677
360     0.001564
359     0.001588
358     0.001603
357     0.0016
356     0.001634
355     0.001613
354     0.001642
353     0.001651
352     0.001643
351     0.001638
350     0.001663
349     0.001667
348     0.001642
347     0.00167
346     0.001683
345     0.001703
344     0.001726
343     0.001686
342     0.001716
341     0.001722
340     0.001752
339     0.001762
338     0.001754
337     0.001782
336     0.001783
335     0.001807
334     0.001797
333     0.0018
332     0.001826
331     0.001846
330     0.001852
329     0.001848
328     0.001861
327     0.001862
326     0.001895
325     0.001906
324     0.001892
323     0.001918
322     0.001926
321     0.001945
320     0.001962
319     0.00197
318     0.001977
317     0.001969
316     0.001962
315     0.001971
314     0.001999
313     0.002025
312     0.002023
311     0.002066
310     0.002051
309     0.002057
308     0.002057
307     0.002074
306     0.002125
305     0.002052
304     0.002162
303     0.00215
302     0.002187
301     0.002147
300     0.002161
299     0.002197
298     0.002201
297     0.002209
296     0.002197
295     0.00222
294     0.002241
293     0.002251
292     0.002203
291     0.002252
290     0.002239
289     0.002223
288     0.002274
287     0.002296
286     0.002398
285     0.002385
284     0.002485
283     0.002482
282     0.002498
281     0.002549
280     0.002561
279     0.002576
278     0.002613
277     0.00267
276     0.002702
275     0.002703
274     0.002707
273     0.00275
272     0.002749
271     0.002781
270     0.002809
269     0.002837
268     0.002858
267     0.002872
266     0.002853
265     0.002814
264     0.00282
263     0.002809
262     0.002837
261     0.002931
260     0.00302
259     0.003094
258     0.003087
257     0.003118
256     0.003205
255     0.003272
254     0.003359
253     0.003502
252     0.003659
251     0.003847
250     0.0041
249     0.004548
248     0.005099
247     0.005864
246     0.007014
245     0.008686
244     0.010949
243     0.014151
242     0.018426
241     0.023632
240     0.030473
239     0.038504
238     0.047365
237     0.057212
236     0.067903
235     0.078287
234     0.089358
233     0.100829
232     0.112456
231     0.123657
230     0.13465
229     0.144533
228     0.153379
227     0.161249
226     0.165777
225     0.170851
224     0.174237
223     0.176353
222     0.177092
221     0.174371
220     0.172062
219     0.168796
218     0.164661
217     0.159854
216     0.153077
215     0.147588
214     0.141816
213     0.135682
212     0.130604
211     0.126264
210     0.122109
209     0.119733
208     0.118604
207     0.118858
206     0.121372
205     0.125441
204     0.132639
203     0.142279
202     0.154205
201     0.165848
200     0.179714


