599       0.0147045
598       0.0148281
597       0.014963
596       0.0151301
595       0.0152711
594       0.0154482
593       0.0156173
592       0.0157891
591       0.0159408
590       0.0161674
589       0.0163962
588       0.0166535
587       0.0169063
586       0.0171687
585       0.0174982
584       0.0178219
583       0.0181342
582       0.0184831
581       0.0188324
580       0.0192604
579       0.019668
578       0.0201042
577       0.0205984
576       0.0211167
575       0.0216352
574       0.0221672
573       0.0226975
572       0.0232994
571       0.0238906
570       0.0245477
569       0.0252045
568       0.02596
567       0.0266917
566       0.0274888
565       0.0282655
564       0.0291201
563       0.029977
562       0.0308803
561       0.0318062
560       0.0327722
559       0.0337779
558       0.0348327
557       0.0359039
556       0.0369879
555       0.0380941
554       0.0392262
553       0.0404252
552       0.041655
551       0.0429165
550       0.0441816
549       0.0455027
548       0.0468836
547       0.0482603
546       0.0496936
545       0.0510958
544       0.0525876
543       0.0540456
542       0.0555532
541       0.0570882
540       0.0586315
539       0.0602235
538       0.0618268
537       0.0634652
536       0.0650846
535       0.0667198
534       0.0683853
533       0.0700633
532       0.071749
531       0.0734955
530       0.0751976
529       0.0768789
528       0.0785941
527       0.0803231
526       0.0820325
525       0.0837425
524       0.0854229
523       0.0871549
522       0.0888378
521       0.0905146
520       0.0923397
519       0.0940353
518       0.0956765
517       0.0973213
516       0.0989701
515       0.10065
514       0.102326
513       0.103947
512       0.105557
511       0.107097
510       0.108653
509       0.110146
508       0.11163
507       0.113069
506       0.114529
505       0.115975
504       0.117362
503       0.118729
502       0.120079
501       0.12138
500       0.122657
499       0.123864
498       0.12506
497       0.126242
496       0.127365
495       0.128423
494       0.129407
493       0.130417
492       0.131356
491       0.132274
490       0.133133
489       0.133948
488       0.134665
487       0.135341
486       0.135951
485       0.136539
484       0.137132
483       0.137675
482       0.138156
481       0.1386
480       0.138975
479       0.139365
478       0.139679
477       0.139995
476       0.14018
475       0.140393
474       0.140545
473       0.140705
472       0.140835
471       0.140964
470       0.141051
469       0.141143
468       0.141225
467       0.141321
466       0.141414
465       0.141507
464       0.141669
463       0.1418
462       0.14199
461       0.14223
460       0.142515
459       0.14284
458       0.143271
457       0.14377
456       0.144324
455       0.144977
454       0.145769
453       0.146687
452       0.147751
451       0.148928
450       0.15023
449       0.151662
448       0.15321
447       0.1549
446       0.156756
445       0.158719
444       0.160737
443       0.162898
442       0.16509
441       0.167388
440       0.16966
439       0.172021
438       0.174361
437       0.1766
436       0.178754
435       0.180846
434       0.182843
433       0.184759
432       0.186566
431       0.188255
430       0.189782
429       0.1912
428       0.192527
427       0.193788
426       0.19493
425       0.195985
424       0.197051
423       0.198092
422       0.199094
421       0.200015
420       0.200956
419       0.201943
418       0.202879
417       0.203826
416       0.204749
415       0.205561
414       0.206305
413       0.206966
412       0.207622
411       0.208226
410       0.208758
409       0.209108
408       0.209143
407       0.209085
406       0.208891
405       0.208669
404       0.208266
403       0.207752
402       0.207105
401       0.206417
400       0.205681
399       0.205037
398       0.204353
397       0.203554
396       0.202722
395       0.201864
394       0.201155
393       0.200509
392       0.199895
391       0.199301
390       0.19865
389       0.198142
388       0.197669
387       0.197185
386       0.196698
385       0.196123
384       0.195685
383       0.195205
382       0.194652
381       0.194054
380       0.19341
379       0.192871
378       0.192265
377       0.19164
376       0.191069
375       0.190401
374       0.189883
373       0.189255
372       0.188717
371       0.188155
370       0.188136
369       0.187605
368       0.18709
367       0.186647
366       0.186123
365       0.185755
364       0.185273
363       0.184871
362       0.184465
361       0.184122
360       0.183915
359       0.183594
358       0.183278
357       0.182756
356       0.182411
355       0.18192
354       0.18138
353       0.180798
352       0.180228
351       0.179706
350       0.179115
349       0.178513
348       0.177735
347       0.17701
346       0.176338
345       0.175686
344       0.175271
343       0.174912
342       0.174615
341       0.174394
340       0.173259
339       0.173176
338       0.173266
337       0.17341
336       0.173773
335       0.174317
334       0.175026
333       0.175648
332       0.176301
331       0.177183
330       0.178052
329       0.178965
328       0.179782
327       0.180489
326       0.181145
325       0.181491
324       0.181684
323       0.181709
322       0.181563
321       0.181369
320       0.18103
319       0.180613
318       0.18007
317       0.179521
316       0.178986
315       0.178379
314       0.177842
313       0.177152
312       0.176504
311       0.175921
310       0.175377
309       0.175058
308       0.174654
307       0.174474
306       0.174488
305       0.174705
304       0.175214
303       0.175824
302       0.176584
301       0.17766
300       0.178975
299       0.180678
298       0.182681
297       0.184958
296       0.187676
295       0.190886
294       0.194373
293       0.198221
292       0.202467
291       0.206981
290       0.211825
289       0.21663
288       0.221495
287       0.226343
286       0.231309
285       0.236205
284       0.241415
283       0.246561
282       0.251922
281       0.257392
280       0.262757
279       0.268091
278       0.273252
277       0.278459
276       0.283562
275       0.288502
274       0.293447
273       0.298282
272       0.303103
271       0.307857
270       0.312922   
