1100    -0.00106239
1099    -0.00109218
1098    -0.00107843
1097    -0.00111244
1096    -0.00108825
1095    -0.00110908
1094    -0.00106344
1093    -0.00113022
1092    -0.00110892
1091    -0.00119205
1090    -0.00116466
1089    -0.00124264
1088    -0.00126134
1087    -0.00125949
1086    -0.00128465
1085    -0.00130164
1084    -0.00132144
1083    -0.00134627
1082    -0.00135576
1081    -0.00142439
1080    -0.00144066
1079    -0.00146626
1078    -0.00147862
1077    -0.00149117
1076    -0.00148207
1075    -0.0014607
1074    -0.00149582
1073    -0.00149391
1072    -0.00147161
1071    -0.00147089
1070    -0.00142467
1069    -0.00145668
1068    -0.00145679
1067    -0.00150731
1066    -0.0015095
1065    -0.00152198
1064    -0.00148703
1063    -0.00150754
1062    -0.00150605
1061    -0.00152395
1060    -0.00155736
1059    -0.00157271
1058    -0.00158514
1057    -0.00160596
1056    -0.00158108
1055    -0.00159835
1054    -0.00159195
1053    -0.00157141
1052    -0.00155302
1051    -0.00156204
1050    -0.00156364
1049    -0.00158965
1048    -0.00158805
1047    -0.00159147
1046    -0.00157254
1045    -0.0015692
1044    -0.0015829
1043    -0.00154862
1042    -0.0015798
1041    -0.00156935
1040    -0.00157948
1039    -0.00152323
1038    -0.00150966
1037    -0.00149917
1036    -0.00149692
1035    -0.0014994
1034    -0.00149359
1033    -0.00154205
1032    -0.00153996
1031    -0.00157859
1030    -0.00156852
1029    -0.00158938
1028    -0.0015681
1027    -0.00161493
1026    -0.00165116
1025    -0.00164847
1024    -0.0016388
1023    -0.00164124
1022    -0.00169162
1021    -0.00168817
1020    -0.00170778
1019    -0.00169582
1018    -0.00172578
1017    -0.00175448
1016    -0.00174435
1015    -0.00174211
1014    -0.00176413
1013    -0.00174587
1012    -0.00181561
1011    -0.00177572
1010    -0.00177963
1009    -0.00177779
1008    -0.00176149
1007    -0.00173798
1006    -0.00170221
1005    -0.00169534
1004    -0.00167927
1003    -0.00164764
1002    -0.00160868
1001    -0.00160041
1000    -0.001559
999     -0.00155087
998     -0.0015635
997     -0.00150904
996     -0.00152432
995     -0.00144796
994     -0.00149655
993     -0.00147114
992     -0.00144382
991     -0.00147062
990     -0.00146571
989     -0.00148428
988     -0.00148022
987     -0.00151065
986     -0.00149275
985     -0.00150002
984     -0.00150245
983     -0.00150323
982     -0.00151842
981     -0.00150064
980     -0.00149104
979     -0.00150159
978     -0.00150556
977     -0.0015083
976     -0.00152319
975     -0.00149051
974     -0.00150366
973     -0.0014946
972     -0.00152702
971     -0.00149889
970     -0.00150385
969     -0.00150137
968     -0.00151688
967     -0.00152263
966     -0.00153274
965     -0.00153027
964     -0.00154155
963     -0.00157017
962     -0.00150899
961     -0.00152376
960     -0.00152655
959     -0.00156182
958     -0.00156885
957     -0.0015226
956     -0.00149288
955     -0.00152203
954     -0.00150414
953     -0.00154208
952     -0.00152447
951     -0.00152943
950     -0.00152257
949     -0.00157172
948     -0.0015802
947     -0.00156539
946     -0.00158267
945     -0.00157231
944     -0.00157626
943     -0.00156268
942     -0.00155585
941     -0.00155808
940     -0.00157579
939     -0.00158052
938     -0.00157066
937     -0.00159116
936     -0.0015749
935     -0.00159536
934     -0.0015648
933     -0.00156399
932     -0.00152425
931     -0.00155151
930     -0.00155163
929     -0.00157742
928     -0.00155753
927     -0.00158841
926     -0.00161177
925     -0.0016215
924     -0.00160432
923     -0.00162827
922     -0.00165741
921     -0.00169612
920     -0.00166932
919     -0.00164137
918     -0.00164073
917     -0.00162286
916     -0.00164664
915     -0.00162538
914     -0.0016928
913     -0.00165842
912     -0.0016969
911     -0.00165983
910     -0.00171682
909     -0.00173601
908     -0.00176639
907     -0.00181619
906     -0.00182978
905     -0.00185431
904     -0.00185241
903     -0.00181317
902     -0.00181988
901     -0.00183278
900     -0.00185502
899     -0.00184039
898     -0.00187095
897     -0.00187602
896     -0.00186735
895     -0.00179479
894     -0.00175086
893     -0.00174013
892     -0.0017355
891     -0.00167173
890     -0.00161631
889     -0.00157382
888     -0.00157929
887     -0.00154224
886     -0.00150711
885     -0.00148248
884     -0.00147026
883     -0.001462
882     -0.00148058
881     -0.00146421
880     -0.00148833
879     -0.00148011
878     -0.00153308
877     -0.00155188
876     -0.00156497
875     -0.00157565
874     -0.00158527
873     -0.00157822
872     -0.00157673
871     -0.00159148
870     -0.00161184
869     -0.0016396
868     -0.0016059
867     -0.001607
866     -0.00161682
865     -0.0015891
864     -0.00160641
863     -0.00160791
862     -0.00162695
861     -0.00164261
860     -0.00164983
859     -0.00165674
858     -0.00162149
857     -0.00164116
856     -0.00161699
855     -0.00165065
854     -0.00163833
853     -0.00161427
852     -0.00161172
851     -0.0016156
850     -0.00039377
849     -0.000421365
848     -0.000641819
847     -0.000602649
846     -0.000716766
845     -0.000691098
844     -0.000772321
843     -0.000757343
842     -0.000892982
841     -0.000941249
840     -0.00102497
839     -0.00111061
838     -0.0010989
837     -0.00102118
836     -0.000924935
835     -0.000843328
834     -0.000847503
833     -0.000838328
832     -0.000805657
831     -0.000906915
830     -0.000999998
829     -0.00105627
828     -0.00100088
827     -0.00109689
826     -0.00100979
825     -0.00110895
824     -0.00104775
823     -0.00109573
822     -0.00102144
821     -0.00106204
820     -0.00101927
819     -0.00110189
818     -0.00100587
817     -0.00111773
816     -0.00112154
815     -0.00115378
814     -0.00104932
813     -0.000879799
812     -0.000848216
811     -0.000757314
810     -0.000874689
809     -0.000864622
808     -0.000925687
807     -0.000881931
806     -0.000866754
805     -0.000842625
804     -0.000845239
803     -0.000956102
802     -0.000998568
801     -0.00103337
800     -0.00105751
799     -0.00103374
798     -0.00103905
797     -0.00102751
796     -0.00100376
795     -0.00101971
794     -0.00102996
793     -0.0010614
792     -0.00103669
791     -0.00100908
790     -0.000972478
789     -0.00097517
788     -0.000989072
787     -0.00102856
786     -0.00107729
785     -0.00113323
784     -0.00105628
783     -0.00100092
782     -0.000958578
781     -0.000954846
780     -0.000972038
779     -0.000995179
778     -0.00106076
777     -0.00107178
776     -0.00104362
775     -0.00103684
774     -0.00101327
773     -0.00102625
772     -0.00100583
771     -0.0010049
770     -0.000982753
769     -0.00101519
768     -0.00101474
767     -0.00098377
766     -0.000965893
765     -0.000975826
764     -0.000996355
763     -0.000922435
762     -0.000905489
761     -0.000935514
760     -0.000967773
759     -0.000993686
758     -0.000991312
757     -0.000995452
756     -0.000981327
755     -0.000958042
754     -0.000941361
753     -0.000876464
752     -0.000853648
751     -0.000834008
750     -0.000877777
749     -0.000946108
748     -0.00093313
747     -0.000901183
746     -0.000922735
745     -0.000912368
744     -0.000940054
743     -0.000871751
742     -0.000882835
741     -0.000910638
740     -0.000994286
739     -0.000999152
738     -0.00105902
737     -0.00101696
736     -0.000994601
735     -0.000998871
734     -0.00100388
733     -0.000991311
732     -0.000966954
731     -0.000948881
730     -0.000949968
729     -0.000978003
728     -0.000948263
727     -0.000986645
726     -0.000981459
725     -0.000953241
724     -0.000906518
723     -0.000875748
722     -0.000907018
721     -0.000987066
720     -0.00100647
719     -0.00100475
718     -0.000996378
717     -0.00106156
716     -0.00100019
715     -0.000962148
714     -0.000942756
713     -0.000908473
712     -0.00091872
711     -0.000895963
710     -0.000912017
709     -0.000923518
708     -0.000912268
707     -0.000909429
706     -0.000918737
705     -0.000971103
704     -0.00101637
703     -0.0010237
702     -0.000992147
701     -0.000941816
700     -0.000896826
699     -0.000876068
698     -0.000896187
697     -0.000917231
696     -0.000976278
695     -0.000963339
694     -0.00100065
693     -0.00098891
692     -0.00102537
691     -0.00100671
690     -0.000992434
689     -0.000977705
688     -0.000946561
687     -0.000958784
686     -0.000961973
685     -0.000976454
684     -0.000974926
683     -0.000933736
682     -0.000920769
681     -0.000936234
680     -0.000957822
679     -0.000962699
678     -0.000967895
677     -0.000966467
676     -0.000919163
675     -0.000899623
674     -0.000892644
673     -0.000905423
672     -0.000900149
671     -0.000838766
670     -0.000843851
669     -0.000825732
668     -0.000873022
667     -0.000872245
666     -0.000869351
665     -0.000855881
664     -0.000861081
663     -0.000913827
662     -0.000872438
661     -0.00081048
660     -0.000783136
659     -0.000805897
658     -0.000824468
657     -0.000794738
656     -0.000776269
655     -0.000825955
654     -0.000810802
653     -0.00079235
652     -0.000799639
651     -0.000810113
650     -0.000818771
649     -0.000832178
648     -0.000849706
647     -0.000839331
646     -0.00080536
645     -0.000771454
644     -0.0007449
643     -0.000793141
642     -0.000811117
641     -0.000797584
640     -0.000769318
639     -0.000736944
638     -0.000777447
637     -0.000759248
636     -0.000781628
635     -0.000737089
634     -0.000772071
633     -0.000762757
632     -0.000799486
631     -0.000789643
630     -0.000803189
629     -0.000810271
628     -0.000761159
627     -0.000764371
626     -0.000760301
625     -0.000791952
624     -0.000769665
623     -0.000730178
622     -0.000727011
621     -0.000743851
620     -0.000734865
619     -0.000739226
618     -0.000730007
617     -0.000767481
616     -0.000763665
615     -0.000776771
614     -0.000775171
613     -0.000772213
612     -0.000743543
611     -0.000701319
610     -0.000754301
609     -0.000746462
608     -0.000728451
607     -0.00073014
606     -0.000716573
605     -0.000698739
604     -0.000703906
603     -0.000688328
602     -0.000721269
601     -0.000670582
600     -0.000682501
599     -0.000683945
598     -0.000690112
597     -0.000682515
596     -0.000662962
595     -0.000667876
594     -0.000697038
593     -0.000723737
592     -0.000745596
591     -0.000721688
590     -0.000677215
589     -0.000713588
588     -0.00070334
587     -0.000707212
586     -0.000694228
585     -0.00066479
584     -0.000711613
583     -0.000675102
582     -0.000711876
581     -0.000731807
580     -0.000748062
579     -0.000721201
578     -0.000688686
577     -0.000655389
576     -0.000620329
575     -0.000597139
574     -0.000604201
573     -0.00062284
572     -0.000643726
571     -0.000654583
570     -0.000656375
569     -0.000638596
568     -0.000674746
567     -0.000657087
566     -0.000684574
565     -0.000657829
564     -0.000640117
563     -0.000633262
562     -0.000622655
561     -0.000655638
560     -0.00064265
559     -0.00064816
558     -0.000582536
557     -0.00060513
556     -0.000664592
555     -0.000630809
554     -0.000637771
553     -0.000598809
552     -0.000620385
551     -0.000573427
550     -0.000600888
549     -0.00059815
548     -0.000623228
547     -0.000598599
546     -0.00057576
545     -0.000598144
544     -0.000547809
543     -0.000553316
542     -0.000555634
541     -0.000539075
540     -0.00050984
539     -0.000516343
538     -0.000522145
537     -0.000525914
536     -0.000501229
535     -0.000466003
534     -0.000446378
533     -0.00038043
532     -0.000401946
531     -0.00039888
530     -0.000426236
529     -0.000396012
528     -0.000415788
527     -0.000409468
526     -0.000327851
525     -0.000313396
524     -0.000300658
523     -0.000325501
522     -0.000257144
521     -0.000195213
520     -8.64E-05
519     -3.78E-05
518     1.21E-05
517     3.10E-05
516     5.64E-05
515     9.44E-05
514     0.000217532
513     0.000329385
512     0.000442905
511     0.000512236
510     0.000608857
509     0.000763344
508     0.000947663
507     0.00106689
506     0.00121679
505     0.00132552
504     0.00151322
503     0.00169611
502     0.00193469
501     0.00220319
500     0.00248157
499     0.00278234
498     0.00310225
497     0.00345029
496     0.00383159
495     0.0042421
494     0.00471011
493     0.00522375
492     0.00579196
491     0.00639623
490     0.00705919
489     0.00777447
488     0.00852704
487     0.00932002
486     0.0101437
485     0.0110367
484     0.012033
483     0.0131194
482     0.0143088
481     0.0155223
480     0.016803
479     0.0180736
478     0.0194853
477     0.0210067
476     0.0225869
475     0.0241964
474     0.0258808
473     0.0276799
472     0.0295145
471     0.0314093
470     0.0333745
469     0.0353265
468     0.0374294
467     0.0395079
466     0.0416449
465     0.043837
464     0.0460933
463     0.048364
462     0.0506278
461     0.0528794
460     0.0552033
459     0.0575334
458     0.0598807
457     0.0621949
456     0.0645274
455     0.0668821
454     0.0691856
453     0.071484
452     0.073683
451     0.0759217
450     0.0781335
449     0.0803447
448     0.0824682
447     0.0845523
446     0.0866234
445     0.0886565
444     0.0906407
443     0.0925265
442     0.0944174
441     0.0961072
440     0.0978463
439     0.0994468
438     0.101046
437     0.102526
436     0.103895
435     0.105143
434     0.106314
433     0.107413
432     0.10835
431     0.10921
430     0.109967
429     0.110674
428     0.111317
427     0.111925
426     0.112386
425     0.112651
424     0.112823
423     0.11294
422     0.113039
421     0.11304
420     0.112918
419     0.112715
418     0.112474
417     0.112136
416     0.111793
415     0.111336
414     0.11091
413     0.11054
412     0.110076
411     0.109516
410     0.108807
409     0.108197
408     0.107536
407     0.106933
406     0.106173
405     0.105576
404     0.104913
403     0.104316
402     0.103737
401     0.103094
400     0.102466
399     0.101874
398     0.101475
397     0.100961
396     0.100406
395     0.0997753
394     0.0991829
393     0.0986724
392     0.0981817
391     0.097546
390     0.0970416
389     0.096457
388     0.095911
387     0.0952794
386     0.0946131
385     0.0939757
384     0.0933339
383     0.0927531
382     0.0921564
381     0.0914887
380     0.0907587
379     0.0900807
378     0.0892886
377     0.088582
376     0.0878193
375     0.0871255
374     0.0864864
373     0.0857663
372     0.0849527
371     0.0840913
370     0.0833478
369     0.0823452
368     0.0815652
367     0.0806372
366     0.0797571
365     0.0786726
364     0.0776084
363     0.0765639
362     0.075649
361     0.0745701
360     0.0735607
359     0.0724286
358     0.0713125
357     0.070148
356     0.0690235
355     0.0679007
354     0.0667334
353     0.065592
352     0.0644449
351     0.0633204
350     0.0622026
349     0.0609889
348     0.0598001
347     0.0586151
346     0.0575092
345     0.0563289
344     0.0551586
343     0.0541543
342     0.0530775
341     0.0520641
340     0.0516368
339     0.0508572
338     0.0500098
337     0.0490918
336     0.0480807
335     0.0473067
334     0.0466051
333     0.0459624
332     0.0452177
331     0.0447099
330     0.0443338
329     0.0441673
328     0.0439496
327     0.0437137
326     0.0436336
325     0.043666
324     0.0439953
323     0.0444436
322     0.0451251
321     0.046195
320     0.0476687
319     0.0495067
318     0.051807
317     0.0544466
316     0.0577247
315     0.0616025
314     0.0660865
313     0.0711389
312     0.0767207
311     0.0828497
310     0.0895935
309     0.0966623
308     0.104365
307     0.112446
306     0.121072
305     0.130079
304     0.139659
303     0.149857
302     0.160601
301     0.171675
300     0.183306
299     0.195199
298     0.2073
297     0.219249
296     0.231164
295     0.242787
294     0.254489
293     0.266249
292     0.278151
291     0.290162
290     0.302295
289     0.314423
288     0.326762
287     0.339074
286     0.351683
285     0.364734
284     0.378873
283     0.394506
282     0.411565
281     0.428866
280     0.444485
279     0.456085
278     0.462624
277     0.464955
276     0.464898
275     0.46429
274     0.463461
273     0.462648
272     0.461679
271     0.460332
270     0.457844
269     0.453782
268     0.447786
267     0.440139
266     0.431236
265     0.421743
264     0.411795
263     0.401869
262     0.39184
261     0.381715
260     0.37124
259     0.36034
258     0.348905
257     0.337167
256     0.325114
255     0.313091
254     0.301177
253     0.289326
252     0.277517
251     0.265826
250     0.254341
249     0.243173
248     0.232452
247     0.222221
246     0.212596
245     0.20361
244     0.195431
243     0.187935
242     0.181232
241     0.175176
240     0.169976
239     0.16556
238     0.162065
237     0.15941
236     0.15759
235     0.156482
234     0.155954
233     0.155835
232     0.156149
231     0.156676
230     0.157354
