1100    0.00097558
1099    0.00101362
1098    0.000942158
1097    0.000945138
1096    0.000952928
1095    0.000973763
1094    0.000967312
1093    0.000973729
1092    0.000936019
1091    0.000941762
1090    0.000990364
1089    0.00095487
1088    0.000984813
1087    0.000964983
1086    0.00102218
1085    0.0010127
1084    0.00100126
1083    0.00100313
1082    0.000991696
1081    0.000997319
1080    0.00101559
1079    0.00101251
1078    0.00102012
1077    0.00100674
1076    0.000993033
1075    0.000998049
1074    0.0010185
1073    0.0010057
1072    0.00103637
1071    0.00102943
1070    0.00105225
1069    0.00103038
1068    0.00107468
1067    0.00102079
1066    0.00103868
1065    0.00101577
1064    0.00104688
1063    0.00104901
1062    0.00103459
1061    0.00100302
1060    0.000993905
1059    0.000967036
1058    0.000967897
1057    0.000940184
1056    0.000975006
1055    0.000940512
1054    0.000925773
1053    0.000971777
1052    0.000979093
1051    0.00101708
1050    0.000974455
1049    0.000992279
1048    0.000976072
1047    0.000997018
1046    0.00103158
1045    0.00103814
1044    0.00102783
1043    0.00109065
1042    0.00109016
1041    0.00112031
1040    0.00111671
1039    0.00115186
1038    0.00120642
1037    0.00120556
1036    0.00123168
1035    0.00118949
1034    0.00120681
1033    0.00119196
1032    0.00117414
1031    0.00115545
1030    0.00115572
1029    0.00115842
1028    0.00113833
1027    0.00109949
1026    0.00105977
1025    0.00108837
1024    0.00108632
1023    0.00107292
1022    0.00104806
1021    0.0010233
1020    0.000996808
1019    0.00101288
1018    0.000959763
1017    0.00097422
1016    0.000956162
1015    0.000998758
1014    0.000960361
1013    0.00100642
1012    0.000977357
1011    0.00100667
1010    0.00100157
1009    0.000996722
1008    0.00106981
1007    0.00104754
1006    0.00113034
1005    0.00113488
1004    0.00116974
1003    0.00118205
1002    0.00123618
1001    0.00124591
1000    0.00128141
999     0.00128406
998     0.00129223
997     0.00132508
996     0.00131058
995     0.00136982
994     0.00138382
993     0.0014189
992     0.00141197
991     0.00140603
990     0.00142583
989     0.0014124
988     0.00141209
987     0.0013956
986     0.00142086
985     0.00144998
984     0.00141579
983     0.00141844
982     0.001411
981     0.00145001
980     0.00144021
979     0.00141022
978     0.00142607
977     0.00144134
976     0.00142555
975     0.00144785
974     0.00143733
973     0.00148331
972     0.00141216
971     0.0014549
970     0.0014559
969     0.00146247
968     0.00147329
967     0.00146772
966     0.00146936
965     0.0014631
964     0.00146947
963     0.00147058
962     0.00151115
961     0.00152241
960     0.00152026
959     0.00149168
958     0.00146463
957     0.00149761
956     0.001493
955     0.00148887
954     0.00148493
953     0.00146977
952     0.00144251
951     0.0014653
950     0.00147053
949     0.00146095
948     0.00146693
947     0.00146878
946     0.00147034
945     0.00145385
944     0.00146897
943     0.00150053
942     0.00149146
941     0.00150751
940     0.00147731
939     0.00152262
938     0.00150062
937     0.00151788
936     0.00150518
935     0.00152727
934     0.00154629
933     0.00156681
932     0.00156668
931     0.00154105
930     0.00155716
929     0.00156336
928     0.0015705
927     0.00154458
926     0.00154274
925     0.00153707
924     0.00156835
923     0.0015538
922     0.00156261
921     0.00152744
920     0.00155165
919     0.00153499
918     0.00152894
917     0.00156865
916     0.00154719
915     0.0015636
914     0.00151469
913     0.0015344
912     0.00148954
911     0.00149503
910     0.0014665
909     0.00145145
908     0.0014423
907     0.0014207
906     0.00140082
905     0.00133746
904     0.00132514
903     0.00137616
902     0.00135243
901     0.00137105
900     0.00136046
899     0.00144602
898     0.00140874
897     0.00143581
896     0.00144054
895     0.0015181
894     0.00155625
893     0.0016035
892     0.00161341
891     0.00166346
890     0.00173731
889     0.00179384
888     0.0017963
887     0.00182939
886     0.00188577
885     0.00191386
884     0.00189325
883     0.00190471
882     0.00192381
881     0.00192729
880     0.00193497
879     0.0019022
878     0.00189155
877     0.00187114
876     0.00186867
875     0.00185029
874     0.00184799
873     0.0018684
872     0.00184784
871     0.00183422
870     0.00181871
869     0.00181127
868     0.00180332
867     0.00181998
866     0.00183079
865     0.00185378
864     0.001865
863     0.0018547
862     0.00185958
861     0.00185255
860     0.00185117
859     0.00187288
858     0.00187532
857     0.00184859
856     0.00187151
855     0.00189492
854     0.00194211
853     0.00193354
852     0.00194654
851     0.00194167
850     0.00324482
849     0.00328641
848     0.00313055
847     0.00302762
846     0.00307732
845     0.00304897
844     0.00312142
843     0.00310517
842     0.00317535
841     0.00323924
840     0.00324732
839     0.00317367
838     0.00321255
837     0.00324132
836     0.00330764
835     0.00331773
834     0.00327568
833     0.00328303
832     0.00336524
831     0.00340949
830     0.00334059
829     0.00331331
828     0.00326312
827     0.00320993
826     0.00324642
825     0.00320037
824     0.00329834
823     0.00331164
822     0.0033645
821     0.00329799
820     0.00332188
819     0.00321844
818     0.00328228
817     0.00322853
816     0.00324616
815     0.00326522
814     0.0032936
813     0.00341735
812     0.00340351
811     0.0035156
810     0.00348465
809     0.00353722
808     0.0035903
807     0.00358336
806     0.00353835
805     0.0035288
804     0.00352243
803     0.00349419
802     0.00352027
801     0.00347702
800     0.00353368
799     0.00349355
798     0.0034978
797     0.00346036
796     0.00347359
795     0.00344729
794     0.00349096
793     0.00350544
792     0.00359254
791     0.00364342
790     0.00365454
789     0.00360616
788     0.00354981
787     0.00355722
786     0.00357963
785     0.00360173
784     0.00368122
783     0.00367884
782     0.00369856
781     0.00366989
780     0.00365983
779     0.00370343
778     0.003706
777     0.00371066
776     0.0036836
775     0.00367819
774     0.00369159
773     0.00365397
772     0.00367429
771     0.00369764
770     0.00376802
769     0.00376967
768     0.00379943
767     0.00381725
766     0.00381225
765     0.00387957
764     0.00385851
763     0.00393951
762     0.00390907
761     0.00390127
760     0.00384704
759     0.00383731
758     0.00384287
757     0.0038137
756     0.00383059
755     0.00386005
754     0.00389636
753     0.00400204
752     0.00399558
751     0.00401759
750     0.00400861
749     0.00397841
748     0.00397985
747     0.00399174
746     0.00397564
745     0.00403422
744     0.00403484
743     0.00409373
742     0.00407469
741     0.00404575
740     0.00398702
739     0.00401613
738     0.00407006
737     0.00407947
736     0.00409438
735     0.00409087
734     0.00412837
733     0.00414281
732     0.00413284
731     0.00413263
730     0.00413382
729     0.00414665
728     0.00421118
727     0.0041888
726     0.0041901
725     0.00418033
724     0.00416603
723     0.00419612
722     0.00421661
721     0.00420766
720     0.00420826
719     0.00421418
718     0.00422306
717     0.00422799
716     0.00426728
715     0.00430461
714     0.00432749
713     0.00432762
712     0.0043647
711     0.00438025
710     0.00442573
709     0.00437077
708     0.00434984
707     0.00435536
706     0.00438113
705     0.00440183
704     0.0044148
703     0.00440773
702     0.00439086
701     0.00441177
700     0.00443407
699     0.00450755
698     0.00451848
697     0.00453018
696     0.00446335
695     0.00449381
694     0.00450108
693     0.00453554
692     0.00453702
691     0.00457181
690     0.00460267
689     0.00462439
688     0.00464537
687     0.00467192
686     0.00467218
685     0.00468247
684     0.00469023
683     0.00475314
682     0.00478748
681     0.00477942
680     0.00479784
679     0.00480789
678     0.00481514
677     0.00481831
676     0.00486689
675     0.00489044
674     0.0048769
673     0.00489206
672     0.00489232
671     0.00494499
670     0.00494741
669     0.00496407
668     0.00493038
667     0.00497901
666     0.00500367
665     0.00502968
664     0.00503489
663     0.00501691
662     0.0050584
661     0.00511992
660     0.00512749
659     0.00513746
658     0.00517294
657     0.00520975
656     0.00523681
655     0.00517957
654     0.00520592
653     0.00523653
652     0.00526569
651     0.00529331
650     0.00530537
649     0.00529318
648     0.00529471
647     0.00531769
646     0.00534255
645     0.00536538
644     0.00539542
643     0.00536943
642     0.0054085
641     0.00544236
640     0.00545784
639     0.00546287
638     0.00546223
637     0.00547132
636     0.00549538
635     0.00549783
634     0.00551256
633     0.00553138
632     0.00555006
631     0.00556216
630     0.00555906
629     0.00560002
628     0.0056948
627     0.00570376
626     0.0057222
625     0.00571487
624     0.00572853
623     0.0057454
622     0.00572508
621     0.00574807
620     0.00575766
619     0.00578947
618     0.00581077
617     0.00582544
616     0.00583747
615     0.00585697
614     0.00587652
613     0.00587521
612     0.0059231
611     0.00595194
610     0.00593819
609     0.00594152
608     0.00595426
607     0.00600364
606     0.00605407
605     0.0061155
604     0.00611407
603     0.00610716
602     0.00612148
601     0.00616911
600     0.00619716
599     0.00622223
598     0.00624363
597     0.00626088
596     0.00629978
595     0.00632722
594     0.00632355
593     0.0063262
592     0.0063069
591     0.00632799
590     0.00639629
589     0.00641087
588     0.00643558
587     0.00641392
586     0.0064518
585     0.0065068
584     0.00652066
583     0.00656555
582     0.00655537
581     0.00656846
580     0.00658175
579     0.0066244
578     0.00667758
577     0.00669209
576     0.00674065
575     0.00673065
574     0.00676341
573     0.00681221
572     0.00681716
571     0.00683573
570     0.00685773
569     0.00690388
568     0.00692431
567     0.00693078
566     0.00695787
565     0.00698854
564     0.00702702
563     0.00705004
562     0.00707409
561     0.00709786
560     0.00716812
559     0.00723003
558     0.00729564
557     0.00729198
556     0.00728068
555     0.00735153
554     0.00737421
553     0.00741279
552     0.00746212
551     0.00751381
550     0.00757165
549     0.00759115
548     0.00764271
547     0.00771135
546     0.00777971
545     0.00780586
544     0.00789452
543     0.00793616
542     0.00801103
541     0.00806429
540     0.0081552
539     0.00819793
538     0.00830262
537     0.00840876
536     0.00850174
535     0.00865254
534     0.00875501
533     0.00894202
532     0.00908331
531     0.00924426
530     0.00939576
529     0.0096662
528     0.00986646
527     0.0101013
526     0.010387
525     0.0107323
524     0.0110917
523     0.0114896
522     0.0119076
521     0.0124343
520     0.0129839
519     0.0136003
518     0.014313
517     0.0150958
516     0.0159947
515     0.0170056
514     0.0181997
513     0.0194937
512     0.0209742
511     0.0226161
510     0.0244897
509     0.0266379
508     0.029023
507     0.0316466
506     0.0345909
505     0.0377898
504     0.0414604
503     0.0455013
502     0.0500484
501     0.0550548
500     0.0606167
499     0.0667581
498     0.0734354
497     0.0807542
496     0.0886761
495     0.0972829
494     0.106556
493     0.1165
492     0.127084
491     0.138231
490     0.149953
489     0.162198
488     0.174878
487     0.187797
486     0.200828
485     0.213983
484     0.22713
483     0.24019
482     0.252991
481     0.265322
480     0.277097
479     0.288081
478     0.298276
477     0.307543
476     0.315818
475     0.323059
474     0.329305
473     0.334594
472     0.338968
471     0.3425
470     0.345318
469     0.347408
468     0.349131
467     0.350431
466     0.351547
465     0.352566
464     0.353639
463     0.354756
462     0.356074
461     0.357574
460     0.359394
459     0.361459
458     0.363759
457     0.366215
456     0.368846
455     0.371514
454     0.374153
453     0.376582
452     0.378787
451     0.380674
450     0.382188
449     0.383163
448     0.383539
447     0.383218
446     0.382204
445     0.380485
444     0.378013
443     0.374889
442     0.37114
441     0.366766
440     0.361955
439     0.356644
438     0.35112
437     0.345327
436     0.339492
435     0.333593
434     0.327771
433     0.322035
432     0.316388
431     0.310877
430     0.305477
429     0.300132
428     0.294976
427     0.289883
426     0.284755
425     0.279569
424     0.274345
423     0.269139
422     0.263924
421     0.258637
420     0.25308
419     0.247516
418     0.241892
417     0.236068
416     0.23014
415     0.224117
414     0.218243
413     0.212492
412     0.206762
411     0.200931
410     0.195155
409     0.189551
408     0.184214
407     0.178885
406     0.173607
405     0.168617
404     0.163721
403     0.15899
402     0.15439
401     0.149838
400     0.145465
399     0.141233
398     0.13722
397     0.133216
396     0.129227
395     0.125224
394     0.121469
393     0.117797
392     0.114333
391     0.110827
390     0.10746
389     0.104275
388     0.101221
387     0.0983017
386     0.0954377
385     0.0927354
384     0.0902081
383     0.0879458
382     0.085746
381     0.0835435
380     0.0814668
379     0.0795118
378     0.077681
377     0.0759928
376     0.074456
375     0.0730183
374     0.0718194
373     0.0706844
372     0.0697053
371     0.0687718
370     0.0680882
369     0.0674807
368     0.0670834
367     0.0669093
366     0.066768
365     0.0667053
364     0.0667651
363     0.0670458
362     0.0675702
361     0.0682383
360     0.0689936
359     0.0697388
358     0.0704499
357     0.0712948
356     0.0722674
355     0.073219
354     0.0739658
353     0.0746473
352     0.0752717
351     0.0760361
350     0.0768146
349     0.0776527
348     0.0784914
347     0.0794168
346     0.080288
345     0.0811223
344     0.0819829
343     0.0830027
342     0.0840239
341     0.0850035
340     0.0861811
339     0.0869527
338     0.0875825
337     0.0880275
336     0.0882157
335     0.0883827
334     0.0884703
333     0.0884961
332     0.0885649
331     0.0887305
330     0.0890704
329     0.0896111
328     0.090331
327     0.0912278
326     0.0923978
325     0.0938203
324     0.0953637
323     0.0971761
322     0.0993739
321     0.102123
320     0.105282
319     0.108993
318     0.113078
317     0.11793
316     0.123458
315     0.1298
314     0.136906
313     0.144698
312     0.153206
311     0.162377
310     0.172187
309     0.182483
308     0.193251
307     0.204373
306     0.215961
305     0.228016
304     0.240773
303     0.254184
302     0.268387
301     0.28321
300     0.298589
299     0.314461
298     0.330184
297     0.345741
296     0.360846
295     0.375551
294     0.390014
293     0.404187
292     0.418292
291     0.432263
290     0.446229
289     0.459917
288     0.473272
287     0.486123
286     0.498329
285     0.509912
284     0.520894
283     0.530979
282     0.540136
281     0.547936
280     0.554765
279     0.560381
278     0.565045
277     0.568833
276     0.571535
275     0.573162
274     0.573335
273     0.572349
272     0.570315
271     0.567439
270     0.563653
269     0.559061
268     0.553417
267     0.546857
266     0.539034
265     0.529951
264     0.519822
263     0.508854
262     0.497376
261     0.48516
260     0.472377
259     0.459012
258     0.445112
257     0.430893
256     0.416553
255     0.402089
254     0.387696
253     0.373277
252     0.3589
251     0.344619
250     0.330393
249     0.316451
248     0.302825
247     0.289632
246     0.276869
245     0.264452
244     0.252481
243     0.240705
242     0.22926
241     0.21799
240     0.207198
239     0.1969
238     0.187238
237     0.178121
236     0.169669
235     0.161881
234     0.154689
233     0.14801
232     0.141801
231     0.136223
230     0.131388
