1100       -0.00189566
1099       -0.00191331
1098       -0.00194827
1097       -0.00196756
1096       -0.00197753
1095       -0.001991
1094       -0.00197031
1093       -0.00201427
1092       -0.00199193
1091       -0.00202052
1090       -0.0019763
1089       -0.00202786
1088       -0.00200577
1087       -0.00202955
1086       -0.00196756
1085       -0.0020036
1084       -0.00198002
1083       -0.00201241
1082       -0.00200091
1081       -0.00202435
1080       -0.00201613
1079       -0.00202916
1078       -0.00201759
1077       -0.00200941
1076       -0.00201574
1075       -0.00200854
1074       -0.00199519
1073       -0.0020134
1072       -0.00194962
1071       -0.00199335
1070       -0.00195383
1069       -0.00200751
1068       -0.00202328
1067       -0.0020118
1066       -0.00201653
1065       -0.00201605
1064       -0.00206474
1063       -0.00203917
1062       -0.00206935
1061       -0.0020641
1060       -0.00207873
1059       -0.00210934
1058       -0.00209175
1057       -0.00209623
1056       -0.00211023
1055       -0.00210811
1054       -0.0020966
1053       -0.00206814
1052       -0.0020574
1051       -0.00208133
1050       -0.00209974
1049       -0.00208873
1048       -0.00208563
1047       -0.00209603
1046       -0.00211203
1045       -0.00207745
1044       -0.00205206
1043       -0.00200791
1042       -0.0020121
1041       -0.002039
1040       -0.00201449
1039       -0.00199074
1038       -0.0019705
1037       -0.00202476
1036       -0.00198547
1035       -0.00199493
1034       -0.00195956
1033       -0.00201325
1032       -0.0020063
1031       -0.00203471
1030       -0.00201018
1029       -0.00202588
1028       -0.00198955
1027       -0.0020608
1026       -0.0020531
1025       -0.00209088
1024       -0.00206535
1023       -0.00211891
1022       -0.00210352
1021       -0.0021634
1020       -0.00212073
1019       -0.0021481
1018       -0.00211691
1017       -0.00217372
1016       -0.00217015
1015       -0.00217325
1014       -0.00220855
1013       -0.00216834
1012       -0.0022264
1011       -0.0022038
1010       -0.00219754
1009       -0.00216712
1008       -0.00211171
1007       -0.00208828
1006       -0.00205214
1005       -0.00200385
1004       -0.00203679
1003       -0.00197153
1002       -0.0019468
1001       -0.00191635
1000       -0.00186765
999        -0.0018706
998        -0.00189605
997        -0.00188326
996        -0.00190875
995        -0.00185138
994        -0.00187366
993        -0.00183622
992        -0.00181508
991        -0.00185443
990        -0.00182796
989        -0.00187147
988        -0.00189521
987        -0.00191597
986        -0.00193461
985        -0.00189676
984        -0.00190933
983        -0.00192592
982        -0.00192782
981        -0.00190927
980        -0.00188867
979        -0.00190599
978        -0.00188864
977        -0.00188703
976        -0.00190047
975        -0.00187808
974        -0.00190566
973        -0.00187218
972        -0.00190054
971        -0.00190441
970        -0.00188967
969        -0.00190538
968        -0.00188628
967        -0.00191401
966        -0.00189633
965        -0.00189303
964        -0.00192669
963        -0.00194389
962        -0.00193009
961        -0.00189371
960        -0.00190919
959        -0.00193885
958        -0.00192509
957        -0.00190234
956        -0.00191092
955        -0.00192466
954        -0.00193686
953        -0.00193775
952        -0.00195314
951        -0.00191509
950        -0.00194596
949        -0.00196702
948        -0.00196177
947        -0.00195532
946        -0.00193317
945        -0.00194069
944        -0.0019248
943        -0.00192076
942        -0.00192007
941        -0.0019251
940        -0.00193729
939        -0.00193047
938        -0.00191509
937        -0.00195335
936        -0.00193642
935        -0.00196704
934        -0.0019485
933        -0.00195338
932        -0.00194123
931        -0.00195178
930        -0.00197983
929        -0.00195621
928        -0.00192374
927        -0.00193948
926        -0.00196687
925        -0.0019825
924        -0.00196387
923        -0.00198854
922        -0.00198067
921        -0.00199826
920        -0.00198928
919        -0.00198995
918        -0.00200882
917        -0.00199233
916        -0.00202152
915        -0.00197532
914        -0.00204314
913        -0.00202772
912        -0.00208461
911        -0.00208311
910        -0.00210481
909        -0.0020991
908        -0.00213576
907        -0.00216702
906        -0.00220305
905        -0.00224872
904        -0.00223811
903        -0.00221467
902        -0.00221983
901        -0.00221972
900        -0.00220832
899        -0.00216402
898        -0.00217822
897        -0.0021688
896        -0.00213739
895        -0.00208712
894        -0.00203268
893        -0.00200751
892        -0.00198297
891        -0.00193968
890        -0.00189757
889        -0.00185683
888        -0.00184786
887        -0.00180425
886        -0.00180101
885        -0.00176443
884        -0.00179184
883        -0.00180812
882        -0.00180528
881        -0.00182212
880        -0.00182164
879        -0.00182254
878        -0.0018648
877        -0.00186724
876        -0.00188808
875        -0.00189487
874        -0.00192253
873        -0.00191792
872        -0.00193722
871        -0.00192439
870        -0.0019682
869        -0.0019622
868        -0.00195417
867        -0.00194659
866        -0.00197474
865        -0.00197792
864        -0.00195588
863        -0.00195973
862        -0.0019541
861        -0.00197847
860        -0.00193886
859        -0.00197967
858        -0.00197115
857        -0.00200892
856        -0.00197575
855        -0.00197227
854        -0.00193927
853        -0.00195963
852        -0.00198139
851        -0.0019913
850        -0.000754693
849        -0.000919466
848        -0.00107661
847        -0.00104429
846        -0.000941174
845        -0.00103295
844        -0.00102281
843        -0.00109997
842        -0.000990488
841        -0.000889851
840        -0.000917758
839        -0.0010313
838        -0.00110172
837        -0.00102086
836        -0.00100256
835        -0.000840521
834        -0.000830472
833        -0.000730244
832        -0.000732733
831        -0.000793385
830        -0.000959332
829        -0.00100231
828        -0.00102646
827        -0.00106076
826        -0.001001
825        -0.00105804
824        -0.00101245
823        -0.00101474
822        -0.000966939
821        -0.000947514
820        -0.000923693
819        -0.000987852
818        -0.000959933
817        -0.00110565
816        -0.0010923
815        -0.00111065
814        -0.00104969
813        -0.000962683
812        -0.000940742
811        -0.000912935
810        -0.000916081
809        -0.000886069
808        -0.000902586
807        -0.00089977
806        -0.000897919
805        -0.00092127
804        -0.000894992
803        -0.000968579
802        -0.000951931
801        -0.000997946
800        -0.000930881
799        -0.000887575
798        -0.000881773
797        -0.000914713
796        -0.00100819
795        -0.00109436
794        -0.00106004
793        -0.00101879
792        -0.000959088
791        -0.000952929
790        -0.00101868
789        -0.00106605
788        -0.00108652
787        -0.00113048
786        -0.00109419
785        -0.0011535
784        -0.00105963
783        -0.00104453
782        -0.00101118
781        -0.000999932
780        -0.00101453
779        -0.00101172
778        -0.00105403
777        -0.00106223
776        -0.00106733
775        -0.00112627
774        -0.00112358
773        -0.00115698
772        -0.00111291
771        -0.00107045
770        -0.00103208
769        -0.00107122
768        -0.0010934
767        -0.0010663
766        -0.00101395
765        -0.00105282
764        -0.00107114
763        -0.00101976
762        -0.00101302
761        -0.00103478
760        -0.00106139
759        -0.00104882
758        -0.00104766
757        -0.0010538
756        -0.0010856
755        -0.00108867
754        -0.00113596
753        -0.00101825
752        -0.00101285
751        -0.000965448
750        -0.0010714
749        -0.00111762
748        -0.00115867
747        -0.00111903
746        -0.00111861
745        -0.00104574
744        -0.00104751
743        -0.00102147
742        -0.00101686
741        -0.00104711
740        -0.00106069
739        -0.0011013
738        -0.00111765
737        -0.00110987
736        -0.00112134
735        -0.0011265
734        -0.00114693
733        -0.00109046
732        -0.00109744
731        -0.00104959
730        -0.00104459
729        -0.00104686
728        -0.00102849
727        -0.00105103
726        -0.00104534
725        -0.00106152
724        -0.00107536
723        -0.00107237
722        -0.00109697
721        -0.00113863
720        -0.00117582
719        -0.00110905
718        -0.00106734
717        -0.00109528
716        -0.00105008
715        -0.00107466
714        -0.0010963
713        -0.0011384
712        -0.0011579
711        -0.00113314
710        -0.00109349
709        -0.00110123
708        -0.00111945
707        -0.00114566
706        -0.00115135
705        -0.00114286
704        -0.00114488
703        -0.00114346
702        -0.00118492
701        -0.00116276
700        -0.00114597
699        -0.00110449
698        -0.0011381
697        -0.00116755
696        -0.00123019
695        -0.00120231
694        -0.00119921
693        -0.0011606
692        -0.00120517
691        -0.00116888
690        -0.00115169
689        -0.00115031
688        -0.00111529
687        -0.00112357
686        -0.00112251
685        -0.00113374
684        -0.00114507
683        -0.00111388
682        -0.00109523
681        -0.00112687
680        -0.00113408
679        -0.00115374
678        -0.00111995
677        -0.00114359
676        -0.00110057
675        -0.00110983
674        -0.00110507
673        -0.00111826
672        -0.00109784
671        -0.00103577
670        -0.00102259
669        -0.00102211
668        -0.00106511
667        -0.00110131
666        -0.00111761
665        -0.00112534
664        -0.0011536
663        -0.0011541
662        -0.00114258
661        -0.00107593
660        -0.00107491
659        -0.00107002
658        -0.00109318
657        -0.00107411
656        -0.00104834
655        -0.00109
654        -0.00105976
653        -0.00103909
652        -0.00105714
651        -0.00107131
650        -0.00107338
649        -0.00104851
648        -0.00104667
647        -0.00104311
646        -0.00107587
645        -0.00103227
644        -0.000974366
643        -0.00100008
642        -0.00100244
641        -0.000997407
640        -0.000965296
639        -0.000919374
638        -0.000963536
637        -0.00100537
636        -0.0010497
635        -0.00105322
634        -0.00102556
633        -0.00100917
632        -0.00103798
631        -0.00101041
630        -0.00104847
629        -0.00104157
628        -0.000988682
627        -0.000964145
626        -0.00095246
625        -0.000985345
624        -0.000993018
623        -0.00099783
622        -0.00101464
621        -0.00103002
620        -0.001037
619        -0.00103064
618        -0.00102364
617        -0.00102775
616        -0.00103663
615        -0.00104755
614        -0.00101661
613        -0.000991224
612        -0.000962224
611        -0.000925755
610        -0.000991015
609        -0.000969739
608        -0.000960533
607        -0.000963234
606        -0.000933278
605        -0.000910505
604        -0.000918722
603        -0.000906154
602        -0.000920685
601        -0.000891494
600        -0.000938971
599        -0.000918083
598        -0.000917413
597        -0.000893296
596        -0.000893246
595        -0.00088472
594        -0.000906772
593        -0.000917543
592        -0.000957365
591        -0.000918914
590        -0.000877437
589        -0.000878935
588        -0.000882805
587        -0.000873528
586        -0.000889029
585        -0.000878737
584        -0.000915749
583        -0.000897421
582        -0.000920555
581        -0.000918238
580        -0.000908785
579        -0.000901994
578        -0.000886296
577        -0.000884188
576        -0.000822871
575        -0.000795551
574        -0.000831027
573        -0.000852368
572        -0.000898757
571        -0.000872829
570        -0.000874593
569        -0.000842335
568        -0.000887648
567        -0.000875748
566        -0.000859295
565        -0.000837008
564        -0.000803412
563        -0.000831352
562        -0.000840872
561        -0.000853595
560        -0.000832392
559        -0.000837051
558        -0.000770334
557        -0.000778846
556        -0.000811723
555        -0.000806113
554        -0.00083813
553        -0.000818753
552        -0.000813057
551        -0.000745087
550        -0.000762708
549        -0.00077388
548        -0.00082273
547        -0.000778123
546        -0.000760879
545        -0.000789634
544        -0.000753653
543        -0.00075757
542        -0.000730149
541        -0.00074982
540        -0.000761916
539        -0.000777104
538        -0.000758343
537        -0.000783351
536        -0.000792481
535        -0.00081473
534        -0.000780281
533        -0.000722927
532        -0.000702451
531        -0.000670661
530        -0.00068515
529        -0.000686435
528        -0.000754437
527        -0.000784721
526        -0.000748758
525        -0.000708171
524        -0.000663977
523        -0.000667108
522        -0.000665474
521        -0.000682349
520        -0.000668029
519        -0.000697239
518        -0.000675307
517        -0.000680129
516        -0.000700343
515        -0.000716682
514        -0.000672097
513        -0.000678592
512        -0.00066126
511        -0.000682299
510        -0.000643535
509        -0.000606996
508        -0.000556949
507        -0.000550425
506        -0.000542998
505        -0.000592142
504        -0.000632127
503        -0.000646472
502        -0.000614702
501        -0.000590251
500        -0.000541952
499        -0.000509194
498        -0.000527584
497        -0.00059026
496        -0.000576437
495        -0.000560947
494        -0.000486608
493        -0.000446245
492        -0.000443108
491        -0.000478221
490        -0.00048689
489        -0.000470108
488        -0.000393015
487        -0.000385319
486        -0.000383686
485        -0.000369046
484        -0.000342861
483        -0.000303537
482        -0.000203466
481        -0.000190269
480        -9.93E-05
479        -9.34E-05
478        6.63E-06
477        9.44E-05
476        0.000184461
475        0.000274245
474        0.000375608
473        0.000540723
472        0.000710495
471        0.000889033
470        0.00111801
469        0.00136558
468        0.00170638
467        0.00205398
466        0.00249094
465        0.00300964
464        0.00356553
463        0.00420111
462        0.00496117
461        0.00582693
460        0.00687807
459        0.00805703
458        0.00945732
457        0.0110007
456        0.0128172
455        0.01491
454        0.0172643
453        0.0198929
452        0.0228488
451        0.0262448
450        0.0300801
449        0.0344045
448        0.0391418
447        0.0444071
446        0.050242
445        0.0566952
444        0.0637998
443        0.0715353
442        0.0798908
441        0.0888754
440        0.0985606
439        0.108867
438        0.119784
437        0.131245
436        0.143213
435        0.155604
434        0.168422
433        0.181621
432        0.195039
431        0.208727
430        0.222512
429        0.236463
428        0.250439
427        0.264396
426        0.278189
425        0.291865
424        0.305249
423        0.318451
422        0.331334
421        0.343908
420        0.356063
419        0.367934
418        0.379421
417        0.390455
416        0.401065
415        0.411123
414        0.420487
413        0.429259
412        0.4371
411        0.444335
410        0.450556
409        0.456081
408        0.460873
407        0.46497
406        0.468252
405        0.471042
404        0.473298
403        0.475122
402        0.476695
401        0.477818
400        0.47888
399        0.479688
398        0.480662
397        0.481185
396        0.481445
395        0.48115
394        0.48065
393        0.479697
392        0.478029
391        0.475613
390        0.472459
389        0.468493
388        0.463554
387        0.457792
386        0.451149
385        0.443836
384        0.435969
383        0.42782
382        0.419364
381        0.410656
380        0.401848
379        0.393028
378        0.384335
377        0.375817
376        0.367553
375        0.359568
374        0.351863
373        0.344225
372        0.336637
371        0.329008
370        0.321367
369        0.313682
368        0.305873
367        0.297784
366        0.289462
365        0.280927
364        0.272505
363        0.264022
362        0.255813
361        0.247453
360        0.239393
359        0.231478
358        0.224025
357        0.216803
356        0.209894
355        0.203259
354        0.196846
353        0.190718
352        0.184649
351        0.178987
350        0.173461
349        0.168015
348        0.162659
347        0.157405
346        0.152281
345        0.147264
344        0.142231
343        0.137437
342        0.132807
341        0.128462
340        0.124602
339        0.120587
338        0.116699
337        0.113
336        0.109521
335        0.106205
334        0.103084
333        0.1001
332        0.0971932
331        0.0945698
330        0.0920236
329        0.0896529
328        0.0875848
327        0.0854812
326        0.0836851
325        0.0819391
324        0.0805584
323        0.0793788
322        0.0785328
321        0.0782769
320        0.078303
319        0.0788106
318        0.0797163
317        0.0812233
316        0.0833337
315        0.086054
314        0.0894037
313        0.0933848
312        0.0980986
311        0.103514
310        0.109723
309        0.116549
308        0.124138
307        0.132334
306        0.141122
305        0.150434
304        0.160226
303        0.17055
302        0.181217
301        0.191944
300        0.202619
299        0.212979
298        0.222928
297        0.232028
296        0.240469
295        0.248194
294        0.255626
293        0.26283
292        0.26972
291        0.276536
290        0.283097
289        0.289577
288        0.295622
287        0.301005
286        0.305825
285        0.309787
284        0.313161
283        0.315783
282        0.317808
281        0.319078
280        0.319906
279        0.320205
278        0.320133
277        0.319682
276        0.3189
275        0.317688
274        0.315816
273        0.313267
272        0.310417
271        0.30729
270        0.304057
269        0.300737
268        0.297218
267        0.293784
266        0.2902
265        0.286702
264        0.282793
263        0.278747
262        0.274338
261        0.269629
260        0.264527
259        0.259112
258        0.253181
257        0.246939
256        0.240523
255        0.233978
254        0.227497
253        0.220967
252        0.214599
251        0.208431
250        0.20247
249        0.196781
248        0.19141
247        0.186318
246        0.181658
245        0.177549
244        0.174064
243        0.17088
242        0.167644
241        0.164282
240        0.161119
239        0.158558
238        0.156873
237        0.156392
236        0.156955
235        0.158424
234        0.160371
233        0.162683
232        0.165406
231        0.16878
230        0.173278
229        0.178788
228        0.185599
227        0.193234
226        0.20193
225        0.211344
224        0.221959
223        0.233764
222        0.246785
221        0.260586
220        0.274901
219        0.288815
218        0.301696
217        0.312879
216        0.322282
215        0.330091
214        0.336513
213        0.341906
212        0.34632
211        0.34965
210        0.35182
209        0.352822
208        0.352822
207        0.35212
206        0.351232
205        0.350548
204        0.350424
203        0.351616
202        0.355624
201        0.365074
200        0.384319

