1100  -0.00222451
1099  -0.00222479
1098  -0.0022778
1097  -0.00230312
1096  -0.00229276
1095  -0.0023184
1094  -0.00232448
1093  -0.00236039
1092  -0.00236635
1091  -0.00238262
1090  -0.00235778
1089  -0.00241578
1088  -0.0023962
1087  -0.00241241
1086  -0.00237126
1085  -0.00241069
1084  -0.00238544
1083  -0.00243134
1082  -0.00241856
1081  -0.00245131
1080  -0.00239586
1079  -0.00242839
1078  -0.00242358
1077  -0.00244507
1076  -0.00245405
1075  -0.00243179
1074  -0.00244529
1073  -0.00245336
1072  -0.00243108
1071  -0.00244901
1070  -0.00242785
1069  -0.00247379
1068  -0.00242878
1067  -0.0024501
1066  -0.00242494
1065  -0.00246237
1064  -0.00248502
1063  -0.00245992
1062  -0.0024626
1061  -0.00248175
1060  -0.00249501
1059  -0.00250555
1058  -0.00249545
1057  -0.00254769
1056  -0.00251059
1055  -0.00253454
1054  -0.00252078
1053  -0.00250827
1052  -0.00248881
1051  -0.00248789
1050  -0.00247476
1049  -0.00251591
1048  -0.00250028
1047  -0.00253997
1046  -0.00254937
1045  -0.00253538
1044  -0.00253294
1043  -0.00248565
1042  -0.0025075
1041  -0.00245135
1040  -0.00247248
1039  -0.00245999
1038  -0.00245603
1037  -0.00246265
1036  -0.00242911
1035  -0.00243978
1034  -0.00242397
1033  -0.00245745
1032  -0.0025139
1031  -0.00251379
1030  -0.00250651
1029  -0.00250436
1028  -0.00250704
1027  -0.00256603
1026  -0.00255674
1025  -0.00255643
1024  -0.00253111
1023  -0.00255405
1022  -0.00255798
1021  -0.00256749
1020  -0.00257563
1019  -0.00257302
1018  -0.00262269
1017  -0.0026037
1016  -0.00265894
1015  -0.00260193
1014  -0.00262003
1013  -0.00259528
1012  -0.00267792
1011  -0.00264488
1010  -0.00265547
1009  -0.00264591
1008  -0.0026058
1007  -0.00264147
1006  -0.00260043
1005  -0.00260806
1004  -0.0026036
1003  -0.0025657
1002  -0.00254754
1001  -0.00251454
1000  -0.00249044
999   -0.00250047
998   -0.00249179
997   -0.00246809
996   -0.00249543
995   -0.00241263
994   -0.00245183
993   -0.00242235
992   -0.00239564
991   -0.00243372
990   -0.00241724
989   -0.00244904
988   -0.00243035
987   -0.00242855
986   -0.00243267
985   -0.00244034
984   -0.00244016
983   -0.00245278
982   -0.00248468
981   -0.0024693
980   -0.00248477
979   -0.00248246
978   -0.0025054
977   -0.00252217
976   -0.00249395
975   -0.00245436
974   -0.00246165
973   -0.00247981
972   -0.0025189
971   -0.00248588
970   -0.00248484
969   -0.00247544
968   -0.00247046
967   -0.00246227
966   -0.00251559
965   -0.00249259
964   -0.00252496
963   -0.00250524
962   -0.00250588
961   -0.00248755
960   -0.00249557
959   -0.00253198
958   -0.00252102
957   -0.00250366
956   -0.00250264
955   -0.0025301
954   -0.00249578
953   -0.00253419
952   -0.00254301
951   -0.00255345
950   -0.00254956
949   -0.00258571
948   -0.00256804
947   -0.00257399
946   -0.00255104
945   -0.00255973
944   -0.00255171
943   -0.00256298
942   -0.00256083
941   -0.00253502
940   -0.00259872
939   -0.00259271
938   -0.00260015
937   -0.00260221
936   -0.00257925
935   -0.00259479
934   -0.00258462
933   -0.00258784
932   -0.0025665
931   -0.00259106
930   -0.00258913
929   -0.00260225
928   -0.00260034
927   -0.00261466
926   -0.00264708
925   -0.00263214
924   -0.00259358
923   -0.00262131
922   -0.00265378
921   -0.00267209
920   -0.0026736
919   -0.00266498
918   -0.00266572
917   -0.00263151
916   -0.00263457
915   -0.00263491
914   -0.00269093
913   -0.00267379
912   -0.00271374
911   -0.00270312
910   -0.00274508
909   -0.00279339
908   -0.0027949
907   -0.00284091
906   -0.00285232
905   -0.00288102
904   -0.0028614
903   -0.00284995
902   -0.00287775
901   -0.00290156
900   -0.00287806
899   -0.00287042
898   -0.00286741
897   -0.00287507
896   -0.00286793
895   -0.00281192
894   -0.00279216
893   -0.00279839
892   -0.0027985
891   -0.00274379
890   -0.00270618
889   -0.00268104
888   -0.0026953
887   -0.00263341
886   -0.00260636
885   -0.00256442
884   -0.00258614
883   -0.00257069
882   -0.00256589
881   -0.00256062
880   -0.00259045
879   -0.00258707
878   -0.00262776
877   -0.00263461
876   -0.00262947
875   -0.00263574
874   -0.00264333
873   -0.00262405
872   -0.00262964
871   -0.00262889
870   -0.00266863
869   -0.00267873
868   -0.00268157
867   -0.0026813
866   -0.00268995
865   -0.00266625
864   -0.00268719
863   -0.00269542
862   -0.00269569
861   -0.00270387
860   -0.00272433
859   -0.00272725
858   -0.00274545
857   -0.00277744
856   -0.0027279
855   -0.00275991
854   -0.00271501
853   -0.00272458
852   -0.0027128
851   -0.00272826
850   -0.00174809
849   -0.00178719
848   -0.00217992
847   -0.00218982
846   -0.00219064
845   -0.00215209
844   -0.00209484
843   -0.00216861
842   -0.00210769
841   -0.00204504
840   -0.00199863
839   -0.00211657
838   -0.00209849
837   -0.00219219
836   -0.00222502
835   -0.00210686
834   -0.00211517
833   -0.00211976
832   -0.00218602
831   -0.00219629
830   -0.00220247
829   -0.00214439
828   -0.00213031
827   -0.002179
826   -0.00218496
825   -0.0023082
824   -0.00227587
823   -0.00225308
822   -0.00223752
821   -0.00230689
820   -0.00231438
819   -0.00233968
818   -0.00226112
817   -0.00236719
816   -0.0023685
815   -0.0024144
814   -0.00233904
813   -0.00225143
812   -0.00217989
811   -0.00209397
810   -0.0020858
809   -0.00208398
808   -0.00213097
807   -0.00215675
806   -0.00219396
805   -0.00224594
804   -0.00221681
803   -0.00225033
802   -0.00227536
801   -0.00228216
800   -0.00228393
799   -0.00223031
798   -0.00224271
797   -0.00228833
796   -0.0023339
795   -0.00238523
794   -0.00235429
793   -0.00231476
792   -0.00228717
791   -0.00230984
790   -0.00231614
789   -0.00236413
788   -0.0023935
787   -0.00243927
786   -0.0024058
785   -0.0024433
784   -0.00230583
783   -0.0022631
782   -0.00220969
781   -0.00223349
780   -0.00228175
779   -0.00229423
778   -0.00232911
777   -0.00234862
776   -0.00237993
775   -0.00240922
774   -0.00239546
773   -0.00236805
772   -0.00232498
771   -0.00230261
770   -0.00229617
769   -0.00229034
768   -0.0023123
767   -0.00226318
766   -0.00225
765   -0.00219217
764   -0.00228852
763   -0.00219414
762   -0.00226674
761   -0.00228456
760   -0.00234528
759   -0.00234574
758   -0.00235215
757   -0.0023123
756   -0.00235349
755   -0.00235893
754   -0.00242542
753   -0.00234625
752   -0.00236116
751   -0.00232006
750   -0.00238798
749   -0.00242836
748   -0.00242548
747   -0.00235151
746   -0.0023892
745   -0.00235222
744   -0.00238604
743   -0.00234571
742   -0.00233123
741   -0.00236118
740   -0.00243151
739   -0.00243765
738   -0.00242505
737   -0.00240836
736   -0.0023809
735   -0.00243901
734   -0.00243598
733   -0.00242461
732   -0.00240188
731   -0.00234146
730   -0.00237412
729   -0.00238557
728   -0.00237917
727   -0.00242212
726   -0.00243664
725   -0.00245006
724   -0.0024297
723   -0.00238904
722   -0.00237435
721   -0.00243058
720   -0.00248647
719   -0.00246628
718   -0.00243182
717   -0.00248407
716   -0.00247396
715   -0.00248516
714   -0.00248984
713   -0.00245982
712   -0.00245968
711   -0.00242477
710   -0.00240579
709   -0.00248712
708   -0.00250854
707   -0.00251612
706   -0.00247837
705   -0.00247423
704   -0.00249929
703   -0.00252857
702   -0.00252556
701   -0.00254982
700   -0.0025009
699   -0.00251335
698   -0.00251675
697   -0.00253019
696   -0.00256322
695   -0.00255534
694   -0.00255329
693   -0.00258436
692   -0.00262089
691   -0.00261431
690   -0.00258721
689   -0.00256285
688   -0.00254645
687   -0.00253695
686   -0.00256251
685   -0.00257167
684   -0.00259662
683   -0.00255097
682   -0.00254329
681   -0.00256881
680   -0.00255363
679   -0.00255117
678   -0.00251102
677   -0.00257487
676   -0.0025699
675   -0.00256704
674   -0.00259055
673   -0.00260207
672   -0.00262147
671   -0.00255486
670   -0.00255366
669   -0.00250099
668   -0.00254749
667   -0.00255927
666   -0.0025763
665   -0.00257723
664   -0.00258686
663   -0.00263011
662   -0.0026139
661   -0.00257892
660   -0.00256252
659   -0.00254734
658   -0.0025604
657   -0.00253007
656   -0.00252385
655   -0.00259519
654   -0.0026007
653   -0.00259717
652   -0.00259132
651   -0.00258225
650   -0.00257328
649   -0.0026015
648   -0.0026303
647   -0.00266956
646   -0.00268191
645   -0.00267469
644   -0.00262337
643   -0.00263914
642   -0.0026385
641   -0.00261765
640   -0.00260169
639   -0.00257854
638   -0.00260188
637   -0.00265044
636   -0.00267682
635   -0.00269824
634   -0.00270432
633   -0.0026786
632   -0.00268738
631   -0.0026751
630   -0.00270414
629   -0.00270571
628   -0.00266415
627   -0.00268107
626   -0.00271331
625   -0.00273428
624   -0.00268831
623   -0.00267563
622   -0.00267509
621   -0.00270152
620   -0.00268367
619   -0.00268894
618   -0.00271208
617   -0.00271468
616   -0.00271671
615   -0.00271331
614   -0.00270023
613   -0.00272048
612   -0.00269701
611   -0.00268539
610   -0.00273936
609   -0.00273234
608   -0.00274005
607   -0.002727
606   -0.002694
605   -0.0026378
604   -0.00267616
603   -0.00268428
602   -0.00272159
601   -0.00269416
600   -0.00266816
599   -0.00265631
598   -0.00267687
597   -0.00266339
596   -0.00264809
595   -0.00265577
594   -0.00272147
593   -0.002753
592   -0.00276101
591   -0.00273253
590   -0.0026834
589   -0.00269062
588   -0.00268463
587   -0.00271391
586   -0.0027198
585   -0.0027047
584   -0.00273414
583   -0.00269454
582   -0.00273037
581   -0.00272609
580   -0.00275846
579   -0.00272707
578   -0.00271607
577   -0.0027032
576   -0.00267691
575   -0.00265253
574   -0.00265156
573   -0.00265958
572   -0.00267535
571   -0.00266391
570   -0.00265445
569   -0.00262469
568   -0.00264693
567   -0.00264422
566   -0.0026627
565   -0.00267242
564   -0.00264349
563   -0.00267445
562   -0.00266391
561   -0.0026551
560   -0.00257471
559   -0.00253038
558   -0.00248771
557   -0.00253161
556   -0.00258828
555   -0.00257482
554   -0.00258976
553   -0.00255882
552   -0.00257371
551   -0.00254524
550   -0.00252913
549   -0.00253556
548   -0.00254812
547   -0.00253829
546   -0.00252145
545   -0.00252266
544   -0.00249341
543   -0.00246511
542   -0.00246782
541   -0.00245377
540   -0.00244875
539   -0.00246284
538   -0.00245652
537   -0.0024142
536   -0.00241198
535   -0.00239157
534   -0.00238145
533   -0.0022974
532   -0.00230497
531   -0.00230125
530   -0.00232962
529   -0.00225733
528   -0.00225997
527   -0.00225881
526   -0.00220107
525   -0.00216009
524   -0.00215402
523   -0.00214032
522   -0.00211336
521   -0.00207266
520   -0.00206953
519   -0.00205355
518   -0.00205396
517   -0.00206781
516   -0.00204769
515   -0.00204291
514   -0.00196885
513   -0.00191936
512   -0.00186717
511   -0.00185599
510   -0.00181971
509   -0.00173044
508   -0.00167973
507   -0.00165089
506   -0.00161968
505   -0.00160832
504   -0.00158412
503   -0.00156407
502   -0.0015342
501   -0.00146378
500   -0.00140541
499   -0.00131753
498   -0.00124423
497   -0.00123104
496   -0.00121621
495   -0.00117082
494   -0.00109523
493   -0.0010191
492   -0.000939681
491   -0.000900089
490   -0.000832332
489   -0.000766228
488   -0.000684592
487   -0.00066876
486   -0.000640296
485   -0.000589079
484   -0.0004935
483   -0.000387816
482   -0.000304253
481   -0.000249591
480   -0.000164823
479   -0.000115969
478   1.31E-05
477   0.000119923
476   0.000166391
475   0.00022722
474   0.000310416
473   0.000453877
472   0.000584899
471   0.000656341
470   0.000771844
469   0.000803032
468   0.000938591
467   0.00103238
466   0.00116514
465   0.00129347
464   0.0014436
463   0.00155056
462   0.00166391
461   0.00173602
460   0.00189762
459   0.00201258
458   0.00219542
457   0.00231363
456   0.00248513
455   0.00268377
454   0.00283953
453   0.00301675
452   0.00314583
451   0.00328264
450   0.00344856
449   0.00361546
448   0.00378445
447   0.00392293
446   0.00410582
445   0.00426761
444   0.00445569
443   0.00464264
442   0.00488809
441   0.00505172
440   0.00531118
439   0.00546612
438   0.00572957
437   0.00591112
436   0.00616569
435   0.00632578
434   0.00653679
433   0.00679309
432   0.00699452
431   0.00725518
430   0.00742594
429   0.00771693
428   0.00801214
427   0.00833577
426   0.00857579
425   0.00879361
424   0.00906194
423   0.00931009
422   0.00955699
421   0.00985329
420   0.0101065
419   0.0104332
418   0.0107396
417   0.0110387
416   0.0113122
415   0.0116172
414   0.0119461
413   0.012368
412   0.012806
411   0.0131533
410   0.0135001
409   0.0139131
408   0.0143907
407   0.0147679
406   0.0150573
405   0.0154704
404   0.015877
403   0.0163861
402   0.0168881
401   0.0173435
400   0.0178116
399   0.018322
398   0.0188881
397   0.0195071
396   0.0200866
395   0.0207163
394   0.021331
393   0.0219494
392   0.0226488
391   0.023275
390   0.0239571
389   0.0246457
388   0.0253748
387   0.0260872
386   0.0268012
385   0.0275143
384   0.028271
383   0.0291138
382   0.0300218
381   0.0308693
380   0.031705
379   0.0324976
378   0.0332347
377   0.0340989
376   0.0349071
375   0.035811
374   0.0367588
373   0.0377093
372   0.0385891
371   0.0394644
370   0.0401663
369   0.0410304
368   0.0419512
367   0.0428977
366   0.0438413
365   0.0446221
364   0.0454771
363   0.0462656
362   0.0471971
361   0.0479933
360   0.0488836
359   0.049678
358   0.0505006
357   0.0513489
356   0.0523454
355   0.0532366
354   0.0542064
353   0.0550304
352   0.0557949
351   0.0566943
350   0.057578
349   0.0585765
348   0.0596193
347   0.0607679
346   0.061912
345   0.0630641
344   0.0642371
343   0.0655627
342   0.0668717
341   0.0682429
340   0.0697373
339   0.0714157
338   0.07285
337   0.0743234
336   0.0757368
335   0.0771315
334   0.0786285
333   0.0800457
332   0.081367
331   0.0827894
330   0.0840857
329   0.085364
328   0.086489
327   0.0874621
326   0.0882926
325   0.0889552
324   0.0896203
323   0.0900595
322   0.0904402
321   0.0906659
320   0.0906888
319   0.090599
318   0.0902973
317   0.0899116
316   0.0893012
315   0.0885789
314   0.0877336
313   0.0867162
312   0.0856442
311   0.0844807
310   0.083293
309   0.0818024
308   0.0803553
307   0.0787765
306   0.0771469
305   0.0753478
304   0.0735211
303   0.0717262
302   0.0700201
301   0.0681006
300   0.066167
299   0.0644422
298   0.0626223
297   0.0608455
296   0.0590898
295   0.0573556
294   0.0558423
293   0.0544037
292   0.0529526
291   0.0515926
290   0.0504636
289   0.0495065
288   0.0488608
287   0.0482816
286   0.0480069
285   0.0479026
284   0.0480898
283   0.0484133
282   0.0490231
281   0.0499118
280   0.0511077
279   0.052495
278   0.0540984
277   0.0561247
276   0.0584139
275   0.0609944
274   0.0635379
273   0.0662221
272   0.0689298
271   0.0717373
270   0.0746301
