1100  -0.00164097
1099  -0.00167733
1098  -0.00169797
1097  -0.00169079
1096  -0.00167191
1095  -0.00167693
1094  -0.00173244
1093  -0.00172033
1092  -0.00174854
1091  -0.00173967
1090  -0.0017343
1089  -0.00176163
1088  -0.00175766
1087  -0.00176281
1086  -0.00173786
1085  -0.00170194
1084  -0.00171204
1083  -0.00169321
1082  -0.00171579
1081  -0.00171189
1080  -0.00171423
1079  -0.00171959
1078  -0.0016992
1077  -0.00169655
1076  -0.00170835
1075  -0.00171501
1074  -0.00167862
1073  -0.00167238
1072  -0.00163144
1071  -0.00164937
1070  -0.00163952
1069  -0.00165585
1068  -0.00164196
1067  -0.00164792
1066  -0.00166079
1065  -0.00169155
1064  -0.00170685
1063  -0.0017156
1062  -0.00166851
1061  -0.00167972
1060  -0.00171155
1059  -0.00176409
1058  -0.00175377
1057  -0.00174996
1056  -0.00172676
1055  -0.00174487
1054  -0.0017372
1053  -0.00167519
1052  -0.00170582
1051  -0.0017254
1050  -0.00176092
1049  -0.00175343
1048  -0.00174893
1047  -0.00176081
1046  -0.00177439
1045  -0.00176657
1044  -0.00174389
1043  -0.00169343
1042  -0.001705
1041  -0.00168902
1040  -0.00170857
1039  -0.00168951
1038  -0.00164689
1037  -0.00165807
1036  -0.00166318
1035  -0.00167368
1034  -0.0016807
1033  -0.00168487
1032  -0.00169318
1031  -0.00169214
1030  -0.00167903
1029  -0.00168623
1028  -0.00168958
1027  -0.00172552
1026  -0.00170023
1025  -0.00171216
1024  -0.00167489
1023  -0.00172513
1022  -0.00171287
1021  -0.00171449
1020  -0.00169436
1019  -0.00167742
1018  -0.00170717
1017  -0.00171647
1016  -0.00168414
1015  -0.00172871
1014  -0.00171291
1013  -0.00173916
1012  -0.00181009
1011  -0.00177653
1010  -0.00178924
1009  -0.0017755
1008  -0.00179663
1007  -0.00175439
1006  -0.00174254
1005  -0.00175665
1004  -0.00175774
1003  -0.00173531
1002  -0.00173775
1001  -0.00174475
1000  -0.00169221
999   -0.00170666
998   -0.0017065
997   -0.00169791
996   -0.00172905
995   -0.00167526
994   -0.00169065
993   -0.00163446
992   -0.00163808
991   -0.00168284
990   -0.00169206
989   -0.00169497
988   -0.00170017
987   -0.00168291
986   -0.00166768
985   -0.00164829
984   -0.00162724
983   -0.0016633
982   -0.00166641
981   -0.00162699
980   -0.0016312
979   -0.00164518
978   -0.00166184
977   -0.00166455
976   -0.00167034
975   -0.00163461
974   -0.00163083
973   -0.00161159
972   -0.00165706
971   -0.0016329
970   -0.00162875
969   -0.00160648
968   -0.00159851
967   -0.00163799
966   -0.00164122
965   -0.00164376
964   -0.00163466
963   -0.00165638
962   -0.00163061
961   -0.00161721
960   -0.00160669
959   -0.00162743
958   -0.00160992
957   -0.00162269
956   -0.00157932
955   -0.00162784
954   -0.00163133
953   -0.00163738
952   -0.00164332
951   -0.00161409
950   -0.00163335
949   -0.00165287
948   -0.00168451
947   -0.00165613
946   -0.00166207
945   -0.00165796
944   -0.00164604
943   -0.00163932
942   -0.00161531
941   -0.00163131
940   -0.00163934
939   -0.00164269
938   -0.00164791
937   -0.00166779
936   -0.00165081
935   -0.00166205
934   -0.00162899
933   -0.00163754
932   -0.00159215
931   -0.00161114
930   -0.00164224
929   -0.00164725
928   -0.0016503
927   -0.00165882
926   -0.00168274
925   -0.00169258
924   -0.00165992
923   -0.00166387
922   -0.00168754
921   -0.00171139
920   -0.00169435
919   -0.00170219
918   -0.00169325
917   -0.00170337
916   -0.00171665
915   -0.00167428
914   -0.00170398
913   -0.00166416
912   -0.00169447
911   -0.00168762
910   -0.00172349
909   -0.00171725
908   -0.00172969
907   -0.00172101
906   -0.00172921
905   -0.00175874
904   -0.00176974
903   -0.00176755
902   -0.00177021
901   -0.00176278
900   -0.00176131
899   -0.00174081
898   -0.00177802
897   -0.00178033
896   -0.00177648
895   -0.00177717
894   -0.00177031
893   -0.00179926
892   -0.00180024
891   -0.00176525
890   -0.00174297
889   -0.00171017
888   -0.00172746
887   -0.00168297
886   -0.00168392
885   -0.00164305
884   -0.00164972
883   -0.00167013
882   -0.00165971
881   -0.00165062
880   -0.001659
879   -0.00165724
878   -0.00168626
877   -0.00164683
876   -0.00166905
875   -0.00165133
874   -0.00164968
873   -0.00163309
872   -0.00163754
871   -0.00164753
870   -0.0016634
869   -0.00163542
868   -0.00162096
867   -0.00163498
866   -0.00164849
865   -0.00164824
864   -0.00164736
863   -0.00165408
862   -0.00163286
861   -0.00163762
860   -0.00164989
859   -0.00166347
858   -0.00165358
857   -0.00164925
856   -0.0016272
855   -0.00163586
854   -0.00161179
853   -0.00159306
852   -0.00158708
851   -0.00159201
850   -0.00114312
849   -0.00113726
848   -0.00136246
847   -0.00146428
846   -0.00145308
845   -0.00140514
844   -0.00132776
843   -0.00132385
842   -0.0012651
841   -0.00126457
840   -0.00132369
839   -0.00139719
838   -0.00138535
837   -0.00139839
836   -0.0013407
835   -0.00117646
834   -0.00120201
833   -0.00123665
832   -0.00130118
831   -0.00139549
830   -0.00144308
829   -0.00140463
828   -0.00136931
827   -0.00139843
826   -0.00137476
825   -0.00145574
824   -0.00140263
823   -0.00143504
822   -0.00139478
821   -0.00145506
820   -0.00143389
819   -0.00149132
818   -0.00136779
817   -0.00150194
816   -0.00148511
815   -0.00146957
814   -0.00138224
813   -0.00128481
812   -0.00130839
811   -0.00120975
810   -0.00127619
809   -0.00130462
808   -0.00135571
807   -0.00136573
806   -0.00138719
805   -0.00132032
804   -0.00126105
803   -0.00123061
802   -0.0012864
801   -0.00134816
800   -0.00134728
799   -0.00134347
798   -0.00135778
797   -0.00138635
796   -0.00145914
795   -0.00150462
794   -0.00147518
793   -0.00141766
792   -0.00136864
791   -0.00138993
790   -0.00144429
789   -0.00151687
788   -0.00152482
787   -0.00148264
786   -0.00145871
785   -0.00145703
784   -0.00140516
783   -0.00141764
782   -0.00134668
781   -0.00130916
780   -0.00133232
779   -0.00135776
778   -0.00140869
777   -0.00145463
776   -0.00141554
775   -0.00145912
774   -0.00137562
773   -0.00142758
772   -0.00138412
771   -0.00139149
770   -0.00136024
769   -0.00139249
768   -0.00138577
767   -0.00136392
766   -0.0013369
765   -0.00133325
764   -0.00136311
763   -0.00133384
762   -0.0013399
761   -0.00136895
760   -0.00139441
759   -0.00135866
758   -0.0013263
757   -0.0013357
756   -0.00133814
755   -0.00135798
754   -0.00136819
753   -0.00128388
752   -0.00130593
751   -0.00127467
750   -0.0013077
749   -0.0013135
748   -0.00136244
747   -0.0013804
746   -0.00139688
745   -0.0013534
744   -0.00132254
743   -0.00127316
742   -0.00127187
741   -0.00127947
740   -0.00137658
739   -0.0013593
738   -0.0013862
737   -0.00139615
736   -0.00136354
735   -0.00133545
734   -0.0013276
733   -0.00131769
732   -0.00129052
731   -0.00127331
730   -0.00124301
729   -0.00121666
728   -0.00119917
727   -0.00123223
726   -0.00123546
725   -0.00123396
724   -0.00123031
723   -0.00121192
722   -0.00121622
721   -0.00123361
720   -0.0012628
719   -0.00122748
718   -0.00116962
717   -0.0011807
716   -0.001181
715   -0.00113676
714   -0.00112224
713   -0.00109484
712   -0.00107468
711   -0.00102747
710   -0.00100198
709   -0.00104305
708   -0.00106223
707   -0.00107157
706   -0.00102251
705   -0.000966611
704   -0.000928308
703   -0.000906895
702   -0.000897181
701   -0.000859969
700   -0.000784523
699   -0.000759178
698   -0.000757043
697   -0.000739954
696   -0.000781024
695   -0.000714284
694   -0.000683916
693   -0.000654509
692   -0.000649293
691   -0.000600147
690   -0.000532912
689   -0.00049378
688   -0.000448215
687   -0.000427429
686   -0.000375078
685   -0.000355904
684   -0.000311601
683   -0.000208347
682   -0.000108099
681   -9.04E-05
680   -3.01E-05
679   3.98E-05
678   0.00017269
677   0.000251088
676   0.000314165
675   0.000392555
674   0.000497074
673   0.000592393
672   0.000725785
671   0.000841224
670   0.000933806
669   0.00100959
668   0.00109979
667   0.00120607
666   0.00132827
665   0.00146329
664   0.00160898
663   0.00171826
662   0.00187513
661   0.00205392
660   0.00222191
659   0.002385
658   0.00256378
657   0.00272204
656   0.00288966
655   0.00300256
654   0.00323365
653   0.00347965
652   0.00370662
651   0.00391892
650   0.00410579
649   0.00430476
648   0.0045291
647   0.00478522
646   0.00505267
645   0.00537059
644   0.00569483
643   0.00594804
642   0.00627193
641   0.00659947
640   0.00699206
639   0.00736995
638   0.00773501
637   0.00808552
636   0.0084506
635   0.00884775
634   0.00929961
633   0.00975385
632   0.0101825
631   0.0106637
630   0.0111446
629   0.01164
628   0.0122086
627   0.0127231
626   0.0133204
625   0.0138968
624   0.0145261
623   0.0151569
622   0.0157675
621   0.0164086
620   0.0170931
619   0.0178095
618   0.018564
617   0.0192885
616   0.0201095
615   0.0208886
614   0.0217659
613   0.022641
612   0.0235629
611   0.0244848
610   0.0253779
609   0.0263318
608   0.0273248
607   0.0283747
606   0.0294647
605   0.0305762
604   0.0316828
603   0.0328404
602   0.034002
601   0.0352381
600   0.0365707
599   0.0378695
598   0.0392226
597   0.0406383
596   0.042059
595   0.0434885
594   0.044946
593   0.0464239
592   0.0479646
591   0.0495686
590   0.0512556
589   0.0529348
588   0.0546929
587   0.0564547
586   0.0582954
585   0.0601498
584   0.061997
583   0.0639134
582   0.0658143
581   0.0678089
580   0.0698341
579   0.0719164
578   0.07402
577   0.0761274
576   0.0783395
575   0.080535
574   0.0827311
573   0.0849586
572   0.0871899
571   0.0894984
570   0.0918206
569   0.0941962
568   0.0965301
567   0.0989131
566   0.101349
565   0.103818
564   0.106311
563   0.108806
562   0.111293
561   0.113789
560   0.116359
559   0.118899
558   0.12147
557   0.123934
556   0.126414
555   0.128973
554   0.131505
553   0.134079
552   0.13662
551   0.139189
550   0.141724
549   0.144266
548   0.14683
547   0.14938
546   0.151928
545   0.154374
544   0.156833
543   0.15923
542   0.161579
541   0.163934
540   0.166269
539   0.168505
538   0.170762
537   0.172942
536   0.175069
535   0.177167
534   0.179228
533   0.181231
532   0.183128
531   0.184941
530   0.186658
529   0.188362
528   0.189952
527   0.191471
526   0.192953
525   0.194337
524   0.19562
523   0.196803
522   0.197948
521   0.199024
520   0.199932
519   0.200794
518   0.201569
517   0.202267
516   0.202826
515   0.203363
514   0.203822
513   0.204171
512   0.204377
511   0.204508
510   0.20455
509   0.204571
508   0.204436
507   0.204216
506   0.203892
505   0.203498
504   0.203039
503   0.20246
502   0.201781
501   0.20104
500   0.200242
499   0.19934
498   0.198339
497   0.197226
496   0.196064
495   0.194802
494   0.193486
493   0.19206
492   0.190592
491   0.189048
490   0.187472
489   0.185788
488   0.184095
487   0.182261
486   0.18036
485   0.178447
484   0.176465
483   0.174479
482   0.172421
481   0.170309
480   0.168154
479   0.165936
478   0.163685
477   0.161448
476   0.159151
475   0.156821
474   0.154464
473   0.152095
472   0.149754
471   0.147364
470   0.144983
469   0.142497
468   0.140128
467   0.137665
466   0.135204
465   0.132752
464   0.13031
463   0.127864
462   0.125398
461   0.122881
460   0.120446
459   0.118001
458   0.11558
457   0.113175
456   0.110773
455   0.108463
454   0.106153
453   0.103835
452   0.101472
451   0.0991587
450   0.0968631
449   0.0946107
448   0.0923858
447   0.0901146
446   0.0878722
445   0.0856856
444   0.0835624
443   0.0815098
442   0.0795184
441   0.0774352
440   0.0754067
439   0.0733995
438   0.0714583
437   0.0695985
436   0.0677652
435   0.065922
434   0.064173
433   0.0624489
432   0.0607625
431   0.0591042
430   0.0574565
429   0.0559268
428   0.0544089
427   0.052902
426   0.0513694
425   0.0498912
424   0.0484763
423   0.0471493
422   0.0458239
421   0.0445597
420   0.0433653
419   0.0421905
418   0.0410613
417   0.0398815
416   0.038774
415   0.0375987
414   0.0365774
413   0.035597
412   0.034623
411   0.0336503
410   0.0326689
409   0.0317746
408   0.0309534
407   0.0301721
406   0.0293112
405   0.0285653
404   0.0277601
403   0.0270453
402   0.0263564
401   0.0256547
400   0.0249937
399   0.0243401
398   0.0237303
397   0.0231407
396   0.0225554
395   0.0219491
394   0.0213957
393   0.0208738
392   0.0204303
391   0.0199152
390   0.0195129
389   0.0191039
388   0.0187421
387   0.0183019
386   0.0179267
385   0.0175985
384   0.0172792
383   0.0170616
382   0.01686
381   0.0166498
380   0.016422
379   0.0163144
378   0.0162145
377   0.0161535
376   0.0160484
375   0.0160795
374   0.0162027
373   0.016363
372   0.0164033
371   0.0165595
370   0.0167927
369   0.0170861
368   0.0174955
367   0.0178776
366   0.0183261
365   0.0188282
364   0.0193507
363   0.0199074
362   0.0206319
361   0.0213823
360   0.022225
359   0.0231584
358   0.0241059
357   0.0251733
356   0.0262913
355   0.0275099
354   0.0287191
353   0.0300104
352   0.0314737
351   0.0332964
350   0.0351105
349   0.0369191
348   0.0389027
347   0.0409585
346   0.0430882
345   0.0449648
344   0.0466974
343   0.0482543
342   0.0495521
341   0.050687
340   0.051817
339   0.0527107
338   0.0534407
337   0.0542636
336   0.0551808
335   0.0562055
334   0.0573505
333   0.0584447
332   0.0595839
331   0.0607825
330   0.0619043
329   0.0630309
328   0.0641357
327   0.0648741
326   0.0655861
325   0.0659901
324   0.0663898
323   0.0667251
322   0.0669192
321   0.0672178
320   0.0674545
319   0.0677378
318   0.0680583
317   0.0684158
316   0.0686599
315   0.0688827
314   0.0689854
313   0.069042
312   0.069078
311   0.0689608
310   0.0688851
309   0.0686789
308   0.068374
307   0.0679738
306   0.0674901
305   0.0670083
304   0.0665099
303   0.0660432
302   0.0654426
301   0.0646881
300   0.0639976
299   0.0632447
298   0.0624013
297   0.0615097
296   0.0605406
295   0.0595423
294   0.0586208
293   0.0576969
292   0.056613
291   0.0555066
290   0.0542985
289   0.05311
288   0.0521153
287   0.0509992
286   0.0500655
285   0.0490803
284   0.048122
283   0.0471565
282   0.0464284
281   0.0457062
280   0.045349
279   0.0450562
278   0.0451749
277   0.0453497
276   0.0455061
275   0.0453725
274   0.0450709
273   0.0449424
272   0.0451911
271   0.0457406
270   0.0463297
269   0.0471743
268   0.0480517
267   0.0491505
266   0.0501882
265   0.0512321
264   0.0519631
263   0.0525984
262   0.0532281
261   0.0537904
260   0.0544057
259   0.0549857
258   0.0555637
257   0.0561182
256   0.0568662
255   0.057553
254   0.0583336
253   0.0589964
252   0.0598926
251   0.0609168
250   0.0620516
249   0.0634619
248   0.06517
247   0.0672497
246   0.0697411
245   0.072769
244   0.0763068
243   0.0800447
242   0.0838204
241   0.0875084
240   0.0915296
