1000      0.00496759
999       0.00498758
998       0.00498143
997       0.00500625
996       0.00503224
995       0.00504084
994       0.00506193
993       0.00507716
992       0.00507489
991       0.00509178
990       0.00509749
989       0.00512933
988       0.00509214
987       0.00512902
986       0.00513117
985       0.00514272
984       0.00514958
983       0.00516211
982       0.0052005
981       0.00522588
980       0.00519608
979       0.00521086
978       0.00522293
977       0.00524309
976       0.00522503
975       0.00523106
974       0.00521623
973       0.00526173
972       0.00524497
971       0.00527565
970       0.00523586
969       0.00524972
968       0.00526067
967       0.00526017
966       0.00527366
965       0.00528571
964       0.00528754
963       0.00528616
962       0.00531552
961       0.00530617
960       0.00532497
959       0.00532285
958       0.00535738
957       0.00533414
956       0.00533785
955       0.00533789
954       0.00533181
953       0.00536122
952       0.0053422
951       0.00536587
950       0.00536652
949       0.00533094
948       0.00532942
947       0.0053139
946       0.00532693
945       0.00532871
944       0.00529788
943       0.00530308
942       0.00528073
941       0.00530473
940       0.00529111
939       0.005302
938       0.00527038
937       0.0052612
936       0.00525608
935       0.00526682
934       0.00526705
933       0.00527332
932       0.00527325
931       0.00528931
930       0.00526422
929       0.00526479
928       0.00529771
927       0.0053052
926       0.00531538
925       0.00531538
924       0.00533708
923       0.00531854
922       0.00532755
921       0.00533812
920       0.00534744
919       0.00534261
918       0.00534348
917       0.00534282
916       0.00538123
915       0.00539338
914       0.00540636
913       0.00541552
912       0.00544062
911       0.00544848
910       0.00543382
909       0.00546462
908       0.00546998
907       0.00552867
906       0.00553261
905       0.00555625
904       0.00554727
903       0.00557915
902       0.00560762
901       0.00556265
900       0.00556922
899       0.00558416
898       0.00560787
897       0.00560877
896       0.00564101
895       0.00565731
894       0.00568314
893       0.00567651
892       0.00571051
891       0.00566879
890       0.00568258
889       0.00569494
888       0.00573147
887       0.00573088
886       0.00572322
885       0.0057569
884       0.00573376
883       0.0057669
882       0.00576257
881       0.00578195
880       0.00578625
879       0.00580932
878       0.00579699
877       0.00581508
876       0.00582202
875       0.00583934
874       0.00584959
873       0.0058407
872       0.00586101
871       0.00585076
870       0.00585492
869       0.0058725
868       0.00587127
867       0.00589253
866       0.00591929
865       0.00594486
864       0.0059171
863       0.00594507
862       0.00594905
861       0.00594228
860       0.00591675
859       0.00592962
858       0.00593924
857       0.00595699
856       0.00597842
855       0.00601726
854       0.00602042
853       0.00603573
852       0.00601742
851       0.00602519
850       0.00878243
849       0.008832
848       0.00892119
847       0.00884023
846       0.00870275
845       0.00879175
844       0.00896497
843       0.00909227
842       0.00913074
841       0.00910711
840       0.0091502
839       0.00921081
838       0.00924101
837       0.00927597
836       0.00919513
835       0.00915424
834       0.00911808
833       0.00909225
832       0.00913033
831       0.00919345
830       0.00913812
829       0.00916581
828       0.00916864
827       0.00920857
826       0.00922083
825       0.00923896
824       0.00926581
823       0.00927384
822       0.00925992
821       0.00934005
820       0.00935177
819       0.00937061
818       0.00935034
817       0.00938617
816       0.00938728
815       0.00934935
814       0.00937595
813       0.00933028
812       0.0093858
811       0.00945635
810       0.00949774
809       0.00947447
808       0.00946491
807       0.00948545
806       0.0094739
805       0.00947417
804       0.00943904
803       0.00945008
802       0.00950176
801       0.00953082
800       0.00960062
799       0.00961006
798       0.00961906
797       0.00967066
796       0.00968029
795       0.00964897
794       0.00960591
793       0.00966751
792       0.00972663
791       0.00978911
790       0.00971996
789       0.00973884
788       0.00979442
787       0.009821
786       0.00979888
785       0.00977283
784       0.00978959
783       0.00986862
782       0.00984185
781       0.00986167
780       0.00982898
779       0.00987715
778       0.00984871
777       0.00980178
776       0.00986827
775       0.00994925
774       0.0100315
773       0.0100504
772       0.0100362
771       0.0100435
770       0.0100583
769       0.010051
768       0.0100783
767       0.0101308
766       0.0101257
765       0.0101582
764       0.0101515
763       0.0101905
762       0.0101953
761       0.0102143
760       0.0102486
759       0.0102793
758       0.0103342
757       0.010355
756       0.0102936
755       0.010268
754       0.0102451
753       0.0102532
752       0.0102469
751       0.0103016
750       0.0103576
749       0.0104458
748       0.0104683
747       0.0105092
746       0.0104784
745       0.010471
744       0.0105482
743       0.0105495
742       0.0106031
741       0.0106318
740       0.0104845
739       0.0105181
738       0.0105036
737       0.010506
736       0.0105069
735       0.0105414
734       0.010592
733       0.0106627
732       0.0107069
731       0.0107541
730       0.0107145
729       0.0107465
728       0.0107279
727       0.0107865
726       0.0107479
725       0.0107547
724       0.0107391
723       0.0107941
722       0.0109203
721       0.0109605
720       0.0110044
719       0.0109904
718       0.0109976
717       0.01101
716       0.0110022
715       0.0109794
714       0.0109816
713       0.0110013
712       0.0110674
711       0.0110933
710       0.0111104
709       0.0111316
708       0.0111328
707       0.0111619
706       0.0111497
705       0.0111995
704       0.0112246
703       0.0112479
702       0.0112317
701       0.0112348
700       0.0112268
699       0.0112717
698       0.011262
697       0.0113331
696       0.0113309
695       0.0113652
694       0.0113472
693       0.0114025
692       0.0114345
691       0.011456
690       0.0114773
689       0.0115036
688       0.0115408
687       0.0115797
686       0.0116042
685       0.0116117
684       0.011622
683       0.0116352
682       0.0116408
681       0.0116641
680       0.0117033
679       0.0116782
678       0.011729
677       0.011703
676       0.0117857
675       0.0118108
674       0.0118557
673       0.0118526
672       0.0118535
671       0.0118913
670       0.0119329
669       0.0119603
668       0.011962
667       0.0119389
666       0.0119487
665       0.0119454
664       0.0119521
663       0.0120083
662       0.0120392
661       0.0121019
660       0.012115
659       0.0121349
658       0.0121605
657       0.0121817
656       0.0121844
655       0.0122161
654       0.0122173
653       0.0122707
652       0.012271
651       0.0122889
650       0.0123083
649       0.0123502
648       0.0123666
647       0.0123929
646       0.0124517
645       0.0124736
644       0.0125092
643       0.0125113
642       0.0125271
641       0.0125655
640       0.0125749
639       0.0125833
638       0.012619
637       0.0126257
636       0.0126656
635       0.0126927
634       0.0127356
633       0.0127367
632       0.012704
631       0.0127244
630       0.0127717
629       0.0128258
628       0.0128817
627       0.0129348
626       0.0129505
625       0.0129623
624       0.0129856
623       0.0130162
622       0.0130962
621       0.0131418
620       0.0131775
619       0.0131795
618       0.0132237
617       0.0132707
616       0.0133433
615       0.0133966
614       0.0134371
613       0.0135093
612       0.0135778
611       0.0136481
610       0.01369
609       0.013736
608       0.013801
607       0.0138711
606       0.0139172
605       0.0139903
604       0.014073
603       0.0142325
602       0.0142928
601       0.0144242
600       0.0145919
599       0.0147045
598       0.0148281
597       0.014963
596       0.0151301
595       0.0152711
594       0.0154482
593       0.0156173
592       0.0157891
591       0.0159408
590       0.0161674
589       0.0163962
588       0.0166535
587       0.0169063
586       0.0171687
585       0.0174982
584       0.0178219
583       0.0181342
582       0.0184831
581       0.0188324
580       0.0192604
579       0.019668
578       0.0201042
577       0.0205984
576       0.0211167
575       0.0216352
574       0.0221672
573       0.0226975
572       0.0232994
571       0.0238906
570       0.0245477
569       0.0252045
568       0.02596
567       0.0266917
566       0.0274888
565       0.0282655
564       0.0291201
563       0.029977
562       0.0308803
561       0.0318062
560       0.0327722
559       0.0337779
558       0.0348327
557       0.0359039
556       0.0369879
555       0.0380941
554       0.0392262
553       0.0404252
552       0.041655
551       0.0429165
550       0.0441816
549       0.0455027
548       0.0468836
547       0.0482603
546       0.0496936
545       0.0510958
544       0.0525876
543       0.0540456
542       0.0555532
541       0.0570882
540       0.0586315
539       0.0602235
538       0.0618268
537       0.0634652
536       0.0650846
535       0.0667198
534       0.0683853
533       0.0700633
532       0.071749
531       0.0734955
530       0.0751976
529       0.0768789
528       0.0785941
527       0.0803231
526       0.0820325
525       0.0837425
524       0.0854229
523       0.0871549
522       0.0888378
521       0.0905146
520       0.0923397
519       0.0940353
518       0.0956765
517       0.0973213
516       0.0989701
515       0.10065
514       0.102326
513       0.103947
512       0.105557
511       0.107097
510       0.108653
509       0.110146
508       0.11163
507       0.113069
506       0.114529
505       0.115975
504       0.117362
503       0.118729
502       0.120079
501       0.12138
500       0.122657
499       0.123864
498       0.12506
497       0.126242
496       0.127365
495       0.128423
494       0.129407
493       0.130417
492       0.131356
491       0.132274
490       0.133133
489       0.133948
488       0.134665
487       0.135341
486       0.135951
485       0.136539
484       0.137132
483       0.137675
482       0.138156
481       0.1386
480       0.138975
479       0.139365
478       0.139679
477       0.139995
476       0.14018
475       0.140393
474       0.140545
473       0.140705
472       0.140835
471       0.140964
470       0.141051
469       0.141143
468       0.141225
467       0.141321
466       0.141414
465       0.141507
464       0.141669
463       0.1418
462       0.14199
461       0.14223
460       0.142515
459       0.14284
458       0.143271
457       0.14377
456       0.144324
455       0.144977
454       0.145769
453       0.146687
452       0.147751
451       0.148928
450       0.15023
449       0.151662
448       0.15321
447       0.1549
446       0.156756
445       0.158719
444       0.160737
443       0.162898
442       0.16509
441       0.167388
440       0.16966
439       0.172021
438       0.174361
437       0.1766
436       0.178754
435       0.180846
434       0.182843
433       0.184759
432       0.186566
431       0.188255
430       0.189782
429       0.1912
428       0.192527
427       0.193788
426       0.19493
425       0.195985
424       0.197051
423       0.198092
422       0.199094
421       0.200015
420       0.200956
419       0.201943
418       0.202879
417       0.203826
416       0.204749
415       0.205561
414       0.206305
413       0.206966
412       0.207622
411       0.208226
410       0.208758
409       0.209108
408       0.209143
407       0.209085
406       0.208891
405       0.208669
404       0.208266
403       0.207752
402       0.207105
401       0.206417
400       0.205681
399       0.205037
398       0.204353
397       0.203554
396       0.202722
395       0.201864
394       0.201155
393       0.200509
392       0.199895
391       0.199301
390       0.19865
389       0.198142
388       0.197669
387       0.197185
386       0.196698
385       0.196123
384       0.195685
383       0.195205
382       0.194652
381       0.194054
380       0.19341
379       0.192871
378       0.192265
377       0.19164
376       0.191069
375       0.190401
374       0.189883
373       0.189255
372       0.188717
371       0.188155
370       0.188136
369       0.187605
368       0.18709
367       0.186647
366       0.186123
365       0.185755
364       0.185273
363       0.184871
362       0.184465
361       0.184122
360       0.183915
359       0.183594
358       0.183278
357       0.182756
356       0.182411
355       0.18192
354       0.18138
353       0.180798
352       0.180228
351       0.179706
350       0.179115
349       0.178513
348       0.177735
347       0.17701
346       0.176338
345       0.175686
344       0.175271
343       0.174912
342       0.174615
341       0.174394
340       0.173259
339       0.173176
338       0.173266
337       0.17341
336       0.173773
335       0.174317
334       0.175026
333       0.175648
332       0.176301
331       0.177183
330       0.178052
329       0.178965
328       0.179782
327       0.180489
326       0.181145
325       0.181491
324       0.181684
323       0.181709
322       0.181563
321       0.181369
320       0.18103
319       0.180613
318       0.18007
317       0.179521
316       0.178986
315       0.178379
314       0.177842
313       0.177152
312       0.176504
311       0.175921
310       0.175377
309       0.175058
308       0.174654
307       0.174474
306       0.174488
305       0.174705
304       0.175214
303       0.175824
302       0.176584
301       0.17766
300       0.178975
299       0.180678
298       0.182681
297       0.184958
296       0.187676
295       0.190886
294       0.194373
293       0.198221
292       0.202467
291       0.206981
290       0.211825
289       0.21663
288       0.221495
287       0.226343
286       0.231309
285       0.236205
284       0.241415
283       0.246561
282       0.251922
281       0.257392
280       0.262757
279       0.268091
278       0.273252
277       0.278459
276       0.283562
275       0.288502
274       0.293447
273       0.298282
272       0.303103
271       0.307857
270       0.312922   
