1100  0.000354893
1099  0.000339778
1098  0.000293173
1097  0.000265705
1096  0.000271682
1095  0.000265663
1094  0.000246287
1093  0.000218452
1092  0.000207399
1091  0.000194264
1090  0.000223944
1089  0.000188351
1088  0.000202709
1087  0.00020153
1086  0.000222714
1085  0.0002266
1084  0.000241752
1083  0.000213986
1082  0.000219346
1081  0.000184892
1080  0.000231212
1079  0.000204073
1078  0.000225201
1077  0.000234151
1076  0.000233854
1075  0.000242014
1074  0.000225311
1073  8.52E-05
1072  6.73E-05
1071  4.71E-05
1070  0.000208946
1069  0.000211223
1068  0.000225083
1067  0.000225054
1066  0.000203919
1065  0.000193226
1064  0.000194365
1063  0.000157026
1062  0.00017444
1061  0.000146941
1060  0.000162426
1059  0.000112049
1058  0.00012107
1057  0.000100392
1056  0.000136179
1055  0.000147528
1054  0.000146391
1053  0.000177102
1052  0.000182851
1051  0.000191872
1050  0.000174974
1049  0.000176131
1048  0.000164309
1047  0.000186835
1046  0.000187016
1045  0.00021928
1044  0.000226552
1043  0.000283268
1042  0.000238068
1041  0.000281888
1040  0.000281663
1039  0.000313552
1038  0.000317921
1037  0.000296329
1036  0.000327874
1035  0.000305325
1034  0.000365132
1033  0.000312138
1032  0.000335065
1031  0.000258199
1030  0.000271508
1029  0.000283277
1028  0.000327756
1027  0.000241285
1026  0.000234743
1025  0.000213798
1024  0.000202626
1023  0.000174868
1022  0.000155127
1021  0.000153053
1020  0.000142975
1019  0.000119675
1018  0.000104015
1017  8.06E-05
1016  0.000100994
1015  0.000105629
1014  8.83E-05
1013  0.000118241
1012  0.000125246
1011  0.000129579
1010  0.000164063
1009  0.000192834
1008  0.000231896
1007  0.00024945
1006  0.000311532
1005  0.000321127
1004  0.00036532
1003  0.000366163
1002  0.000417846
1001  0.000413429
1000  0.000442409
999   0.000522273
998   0.000515295
997   0.000549665
996   0.000538056
995   0.000606871
994   0.000606247
993   0.000597219
992   0.000627233
991   0.00057837
990   0.000599529
989   0.000575105
988   0.00056566
987   0.000567963
986   0.000574886
985   0.000567595
984   0.000570473
983   0.00053884
982   0.000560185
981   0.000568736
980   0.000598157
979   0.00054996
978   0.000557867
977   0.000538374
976   0.000544893
975   0.000580301
974   0.000584508
973   0.000599714
972   0.000592253
971   0.000628679
970   0.000615383
969   0.00061732
968   0.000620403
967   0.000624953
966   0.000629466
965   0.000592067
964   0.000588586
963   0.000589612
962   0.000657051
961   0.000625448
960   0.000613089
959   0.000585358
958   0.000616457
957   0.000619865
956   0.00062134
955   0.000596392
954   0.000606018
953   0.000613176
952   0.000623689
951   0.000624451
950   0.000619686
949   0.000574732
948   0.000576225
947   0.000583271
946   0.000620324
945   0.000598618
944   0.00061544
943   0.000634717
942   0.00060541
941   0.000614108
940   0.000592753
939   0.000619304
938   0.000623154
937   0.000633165
936   0.000625954
935   0.000617537
934   0.000643465
933   0.000660025
932   0.000671245
931   0.00066862
930   0.000638507
929   0.000667067
928   0.000679199
927   0.000654515
926   0.000630038
925   0.00062337
924   0.000639004
923   0.00061843
922   0.000623952
921   0.000625764
920   0.000614213
919   0.000609429
918   0.000598144
917   0.000644535
916   0.000607203
915   0.000623054
914   0.000597801
913   0.000610863
912   0.000550808
911   0.000536853
910   0.000488642
909   0.000484002
908   0.000481547
907   0.000475523
906   0.000430315
905   0.000388021
904   0.000423107
903   0.000437983
902   0.000404362
901   0.000413648
900   0.000461814
899   0.000503885
898   0.000498181
897   0.000527653
896   0.000535791
895   0.000620531
894   0.000655351
893   0.00072116
892   0.000733026
891   0.0008004
890   0.000820725
889   0.000874598
888   0.000883951
887   0.000951998
886   0.000973867
885   0.00101888
884   0.0010019
883   0.00104078
882   0.00101446
881   0.00104314
880   0.000990217
879   0.00103052
878   0.000962981
877   0.00095242
876   0.00091879
875   0.00092484
874   0.00090865
873   0.000910597
872   0.000907746
871   0.00089941
870   0.000872184
869   0.000870013
868   0.000883381
867   0.000869697
866   0.000879988
865   0.000889054
864   0.000918031
863   0.000898859
862   0.000909447
861   0.000894768
860   0.00089583
859   0.000889752
858   0.000888995
857   0.000868603
856   0.000891166
855   0.000922481
854   0.000940944
853   0.000947696
852   0.000946153
851   0.000936867
850   0.0030751
849   0.00302471
848   0.00289761
847   0.00289985
846   0.00296096
845   0.00294689
844   0.00302899
843   0.00286348
842   0.00285898
841   0.00280842
840   0.00288199
839   0.00283153
838   0.00291059
837   0.00291267
836   0.00303052
835   0.00315102
834   0.00316798
833   0.00320369
832   0.00323069
831   0.00321079
830   0.0031511
829   0.00308459
828   0.00304835
827   0.00302114
826   0.00306479
825   0.0030669
824   0.00310929
823   0.00305837
822   0.00312429
821   0.00306837
820   0.00313829
819   0.00307455
818   0.00314355
817   0.00303641
816   0.00309205
815   0.00306915
814   0.00313181
813   0.0032184
812   0.00325175
811   0.00334494
810   0.0033097
809   0.00325538
808   0.00321152
807   0.0032015
806   0.00323518
805   0.00329118
804   0.00333233
803   0.00329359
802   0.00324236
801   0.00316215
800   0.00314716
799   0.00318779
798   0.00318464
797   0.00319792
796   0.00319221
795   0.00315698
794   0.00321958
793   0.00321309
792   0.0032672
791   0.00329743
790   0.00329912
789   0.00321741
788   0.00318419
787   0.00317358
786   0.00320521
785   0.00320728
784   0.00328272
783   0.00330411
782   0.00339477
781   0.00337726
780   0.00335078
779   0.00333926
778   0.00330995
777   0.00331986
776   0.00333903
775   0.00330262
774   0.0033021
773   0.00323923
772   0.00330218
771   0.00332851
770   0.00337513
769   0.00337045
768   0.00336841
767   0.00344754
766   0.00345096
765   0.00348963
764   0.00338507
763   0.00344876
762   0.00345002
761   0.00345751
760   0.00342888
759   0.00341916
758   0.00340668
757   0.00342267
756   0.00347575
755   0.00350631
754   0.00348235
753   0.00354811
752   0.00355806
751   0.00356678
750   0.00356708
749   0.00352005
748   0.00351799
747   0.00352031
746   0.00348882
745   0.00354179
744   0.00350813
743   0.00359127
742   0.00358112
741   0.00361836
740   0.00350955
739   0.00356059
738   0.00355016
737   0.00358218
736   0.00357511
735   0.00357343
734   0.00358933
733   0.00361171
732   0.00362304
731   0.00366298
730   0.0036563
729   0.00364616
728   0.00366226
727   0.00362406
726   0.00362935
725   0.00363876
724   0.00363637
723   0.0036438
722   0.00360961
721   0.00366699
720   0.00365781
719   0.00371351
718   0.00369918
717   0.00366905
716   0.00370868
715   0.00370097
714   0.00370427
713   0.00371605
712   0.00372707
711   0.00376507
710   0.00376132
709   0.00370901
708   0.00373224
707   0.00373055
706   0.003747
705   0.00377907
704   0.00374671
703   0.00376815
702   0.00372541
701   0.00376672
700   0.0037792
699   0.00382196
698   0.00378191
697   0.00377582
696   0.00376144
695   0.00380391
694   0.00381435
693   0.00381251
692   0.0037921
691   0.00384117
690   0.00387289
689   0.00389652
688   0.00391975
687   0.00394765
686   0.00393511
685   0.0039488
684   0.00393938
683   0.00398408
682   0.00403035
681   0.00402191
680   0.00405845
679   0.00404551
678   0.00407138
677   0.00403745
676   0.00403602
675   0.00404951
674   0.00402357
673   0.00404065
672   0.00402425
671   0.00404817
670   0.00405082
669   0.00406662
668   0.00404664
667   0.00403948
666   0.00404351
665   0.00404508
664   0.0040484
663   0.00404291
662   0.00406971
661   0.00410504
660   0.00413831
659   0.0041671
658   0.00418979
657   0.00418798
656   0.00420511
655   0.00414299
654   0.0041721
653   0.00418622
652   0.00422457
651   0.00425025
650   0.00425562
649   0.00424227
648   0.00425061
647   0.00424398
646   0.00425501
645   0.00425937
644   0.00431485
643   0.00431126
642   0.00433948
641   0.00438375
640   0.00438863
639   0.00438253
638   0.00438617
637   0.00437056
636   0.00437455
635   0.00435539
634   0.00435516
633   0.00438025
632   0.00438934
631   0.00441375
630   0.00444323
629   0.00443673
628   0.0045006
627   0.00446135
626   0.00447285
625   0.00445618
624   0.00449056
623   0.00452597
622   0.00454113
621   0.00451711
620   0.00448865
619   0.00447711
618   0.00450283
617   0.00451858
616   0.0045734
615   0.00457434
614   0.00460035
613   0.004583
612   0.00463769
611   0.00466797
610   0.00464742
609   0.00466294
608   0.00465134
607   0.00468378
606   0.00472378
605   0.00476679
604   0.0047764
603   0.00478809
602   0.00479591
601   0.0048055
600   0.00474191
599   0.00477038
598   0.00479076
597   0.00484352
596   0.00487052
595   0.00487054
594   0.00484105
593   0.00482138
592   0.00481514
591   0.00485486
590   0.00491141
589   0.00491579
588   0.00492635
587   0.00491603
586   0.00494008
585   0.0049701
584   0.00496265
583   0.0049919
582   0.00499209
581   0.00495385
580   0.00495591
579   0.0049883
578   0.00503146
577   0.0050582
576   0.00510441
575   0.00512891
574   0.00513063
573   0.00512753
572   0.00513724
571   0.00516326
570   0.00516961
569   0.00520053
568   0.00519474
567   0.00518051
566   0.00520044
565   0.00523025
564   0.00530047
563   0.00530192
562   0.00529285
561   0.00528188
560   0.00532473
559   0.00537064
558   0.00540739
557   0.00539863
556   0.00536491
555   0.00539346
554   0.00538651
553   0.00539874
552   0.00540339
551   0.00544822
550   0.00547275
549   0.00548174
548   0.00548891
547   0.00552796
546   0.0055249
545   0.00550344
544   0.00551546
543   0.00556512
542   0.00560653
541   0.005648
540   0.00567434
539   0.0056773
538   0.00568559
537   0.00568471
536   0.00569433
535   0.00571495
534   0.00572306
533   0.00579799
532   0.00577394
531   0.00581791
530   0.00578799
529   0.00583179
528   0.00580014
527   0.00579583
526   0.00584646
525   0.00587652
524   0.00589211
523   0.00590398
522   0.00594779
521   0.00594095
520   0.00593476
519   0.00595704
518   0.00600604
517   0.00600181
516   0.00597325
515   0.00592996
514   0.00596796
513   0.00596854
512   0.00601494
511   0.00603837
510   0.00604419
509   0.0060853
508   0.00613559
507   0.00615917
506   0.00619287
505   0.00616124
504   0.00618758
503   0.00617574
502   0.00621263
501   0.00624598
500   0.00626784
499   0.00630789
498   0.00630052
497   0.00630161
496   0.00628357
495   0.00628647
494   0.00636791
493   0.00640853
492   0.00643212
491   0.00640064
490   0.00640282
489   0.00644079
488   0.00650805
487   0.00653506
486   0.00654323
485   0.00655016
484   0.00659564
483   0.00663455
482   0.00666297
481   0.00665131
480   0.00667451
479   0.00663974
478   0.00664226
477   0.00663874
476   0.00666688
475   0.00668101
474   0.0066848
473   0.00673519
472   0.00681723
471   0.00685536
470   0.00689398
469   0.00683463
468   0.00687795
467   0.00685685
466   0.00688347
465   0.00691094
464   0.00695283
463   0.00695903
462   0.00696959
461   0.00700256
460   0.00704899
459   0.00706902
458   0.00709459
457   0.00709876
456   0.00713827
455   0.00721972
454   0.0072916
453   0.00733483
452   0.00733342
451   0.0073716
450   0.00739978
449   0.00740577
448   0.0073685
447   0.00734314
446   0.00733754
445   0.00738376
444   0.00743083
443   0.00747546
442   0.00755003
441   0.00756318
440   0.00763337
439   0.00764808
438   0.00764846
437   0.00771116
436   0.00775303
435   0.00778413
434   0.00776004
433   0.00778482
432   0.0078029
431   0.00784475
430   0.00790394
429   0.0079796
428   0.00808428
427   0.0081637
426   0.00813773
425   0.00816588
424   0.008166
423   0.00824787
422   0.00825829
421   0.00836031
420   0.00836506
419   0.0084488
418   0.00852706
417   0.00858168
416   0.00859472
415   0.00855182
414   0.0085644
413   0.00866988
412   0.00877549
411   0.00889141
410   0.00889141
409   0.00895588
408   0.00909874
407   0.00923072
406   0.00925295
405   0.00928168
404   0.0092763
403   0.00938136
402   0.00951436
401   0.00964043
400   0.0097504
399   0.00984637
398   0.010057
397   0.0102039
396   0.0103124
395   0.0104044
394   0.0105628
393   0.0107295
392   0.0108949
391   0.0110773
390   0.0113022
389   0.011509
388   0.0117434
387   0.0118889
386   0.0121193
385   0.0122562
384   0.012505
383   0.0128241
382   0.0132418
381   0.0136181
380   0.0139805
379   0.0143208
378   0.0146176
377   0.0150624
376   0.0155424
375   0.0161857
374   0.0168514
373   0.0175366
372   0.0182472
371   0.0190211
370   0.0198946
369   0.0209206
368   0.0221237
367   0.0235186
366   0.0250065
365   0.0267639
364   0.0288003
363   0.0311352
362   0.0339642
361   0.0370873
360   0.0408823
359   0.0449955
358   0.050003
357   0.0554055
356   0.0616661
355   0.0684312
354   0.0758243
353   0.0837145
352   0.0918484
351   0.100241
350   0.1085
349   0.116462
348   0.123877
347   0.130595
346   0.136625
345   0.142102
344   0.146811
343   0.151123
342   0.154895
341   0.158593
340   0.162443
339   0.165915
338   0.169173
337   0.172293
336   0.175161
335   0.177857
334   0.180046
333   0.18167
332   0.182462
331   0.182633
330   0.18193
329   0.180596
328   0.178564
327   0.175958
326   0.172971
325   0.169665
324   0.166279
323   0.162646
322   0.158966
321   0.155181
320   0.151295
319   0.14733
318   0.143244
317   0.138861
316   0.134366
315   0.129798
314   0.125285
313   0.120775
312   0.116453
311   0.112183
310   0.108274
309   0.104662
308   0.101463
307   0.098718
306   0.096609
305   0.0951582
304   0.0947542
303   0.0954716
302   0.0977346
301   0.101595
300   0.107561
299   0.11553
298   0.125287
297   0.136109
296   0.147319
295   0.157798
294   0.166844
293   0.173894
292   0.178858
291   0.182387
290   0.185014
289   0.187457
288   0.190467
287   0.194223
286   0.198728
285   0.203637
284   0.208184
283   0.211704
282   0.213638
281   0.213565
280   0.211839
279   0.208514
278   0.204401
277   0.200091
276   0.195974
275   0.192192
274   0.188494
273   0.184818
272   0.181151
271   0.177347
270   0.173144
269   0.168719
268   0.164009
267   0.159552
266   0.155241
265   0.151392
264   0.147993
263   0.145095
262   0.142662
261   0.140597
260   0.139102
259   0.138083
258   0.137608
257   0.137634
256   0.138256
255   0.139431
254   0.14114
253   0.14324
252   0.14572
251   0.148469
250   0.151538
249   0.154915
248   0.158612
247   0.162404
246   0.1663
245   0.170143
244   0.173914
243   0.177453
242   0.180717
241   0.1835
240   0.185895
239   0.187833
238   0.189496
237   0.190839
236   0.191833
235   0.192654
234   0.193219
233   0.193765
232   0.194392
231   0.195342
230   0.196973
