1100    -0.00132
1099    -0.00131
1098    -0.0013
1097    -0.00135
1096    -0.00138
1095    -0.0014
1094    -0.00137
1093    -0.00133
1092    -0.00128
1091    -0.00133
1090    -0.00129
1089    -0.00125
1088    -0.00124
1087    -0.00128
1086    -0.00129
1085    -0.00128
1084    -0.00123
1083    -0.0011
1082    -0.00173
1081    -0.00182
1080    -0.00187
1079    -0.00167
1078    -0.00144
1077    -0.00142
1076    -0.00142
1075    -0.00142
1074    -0.0016
1073    -0.00162
1072    -0.00156
1071    -0.00161
1070    -0.00153
1069    -0.00153
1068    -0.00148
1067    -0.00137
1066    -0.00141
1065    -0.00141
1064    -0.0013
1063    -0.00132
1062    -0.00135
1061    -0.00136
1060    -0.00132
1059    -0.00131
1058    -0.00146
1057    -0.00154
1056    -0.00161
1055    -0.00156
1054    -0.00147
1053    -0.00132
1052    -0.00119
1051    -0.00115
1050    -0.00113
1049    -0.00107
1048    -0.00109
1047    -0.00113
1046    -0.00122
1045    -0.00111
1044    -0.00108
1043    -0.0011
1042    -0.00124
1041    -0.0014
1040    -0.00155
1039    -0.00163
1038    -0.00167
1037    -0.00172
1036    -0.00168
1035    -0.00165
1034    -0.00164
1033    -0.00162
1032    -0.00154
1031    -0.0015
1030    -0.00159
1029    -0.00169
1028    -0.00183
1027    -0.002
1026    -0.002
1025    -0.00183
1024    -0.00143
1023    -0.00104
1022    -0.00086
1021    -0.00089
1020    -0.00109
1019    -0.0013
1018    -0.00131
1017    -0.00112
1016    -0.00109
1015    -0.00115
1014    -0.00128
1013    -0.00133
1012    -0.00135
1011    -0.00131
1010    -0.00126
1009    -0.00134
1008    -0.00143
1007    -0.00142
1006    -0.00142
1005    -0.00144
1004    -0.00141
1003    -0.00151
1002    -0.00167
1001    -0.00163
1000    -0.00141
999     -0.00127
998     -0.00135
997     -0.00147
996     -0.00145
995     -0.00153
994     -0.00162
993     -0.00175
992     -0.00174
991     -0.00158
990     -0.00146
989     -0.00139
988     -0.00131
987     -0.00135
986     -0.0013
985     -0.00129
984     -0.00125
983     -0.00142
982     -0.00156
981     -0.00157
980     -0.00159
979     -0.00171
978     -0.00192
977     -0.00192
976     -0.00198
975     -0.00196
974     -0.00199
973     -0.00189
972     -0.00189
971     -0.00193
970     -0.00203
969     -0.00218
968     -0.00234
967     -0.00219
966     -0.00214
965     -0.00174
964     -0.00199
963     -0.00162
962     -0.00166
961     -0.00196
960     -0.00157
959     -0.00189
958     -0.00187
957     -0.00178
956     -0.00204
955     -0.00154
954     -0.00233
953     -0.00109
952     -0.00225
951     -0.00136
950     -0.00196
949     -0.00138
948     -0.00202
947     -0.0012
946     -0.00237
945     -0.00152
944     -0.00106
943     -0.00158
942     -0.00149
941     -0.00175
940     -0.00211
939     -0.0019
938     -0.00182
937     -0.00192
936     -0.00236
935     -0.00173
934     -0.00218
933     -0.00177
932     -0.00199
931     -0.00199
930     -0.00201
929     -0.00199
928     -0.00196
927     -0.00202
926     -0.00209
925     -0.00204
924     -0.00209
923     -0.00198
922     -0.00183
921     -0.00167
920     -0.00145
919     -0.00123
918     -0.00099
917     -0.00081
916     -0.00062
915     -0.00068
914     -0.00078
913     -0.00076
912     -0.00092
911     -0.00089
910     -0.00085
909     -0.00084
908     -0.00067
907     -0.00074
906     -0.00071
905     -0.00084
904     -0.00112
903     -0.00127
902     -0.00153
901     -0.00174
900     -0.00186
899     -0.00198
898     -0.00203
897     -0.00208
896     -0.0021
895     -0.00185
894     -0.00163
893     -0.00144
892     -0.00142
891     -0.00148
890     -0.00148
889     -0.00142
888     -0.00113
887     -0.00061
886     -0.00015
885     0.00023
884     0.00045
883     0.00049
882     0.00059
881     0.00072
880     0.0009
879     0.00099
878     0.00102
877     0.00107
876     0.00113
875     0.00123
874     0.00164
873     0.00181
872     0.00199
871     0.00222
870     0.0022
869     0.0023
868     0.00225
867     0.00248
866     0.00261
865     0.00255
864     0.00253
863     0.00268
862     0.00271
861     0.00296
860     0.00308
859     0.00322
858     0.00336
857     0.00335
856     0.00337
855     0.00325
854     0.00311
853     0.00301
852     0.00272
851     0.00266
850     0.00273
849     0.00248
848     0.00228
847     0.00185
846     0.00159
845     0.00174
844     0.00149
843     0.00141
842     0.00096
841     0.00101
840     0.00058
839     0.00092
838     0.00094
837     0.00077
836     0.00085
835     0.00021
834     0.00077
833     0.00066
832     0.00096
831     0.00082
830     0.00063
829     0.00082
828     0.00105
827     0.00073
826     0.00069
825     0.00098
824     0.00088
823     0.0005
822     0.00075
821     0.00057
820     0.0008
819     -0.00041
818     -0.00017
817     0.00035
816     0.00039
815     0.00089
814     0.0007
813     0.00082
812     0.00065
811     0.00046
810     0.00102
809     0.00076
808     0.00037
807     0.00048
806     0.00077
805     0.0007
804     0.00082
803     0.00054
802     0.00079
801     0.00058
800     0.00069
799     0.00101
798     0.0008
797     0.00097
796     0.00094
795     0.00116
794     0.00097
793     0.00097
792     0.00113
791     0.00104
790     0.0009
789     0.00106
788     0.00061
787     0.00038
786     0.00047
785     0.00057
784     9E-05
783     2E-05
782     -3E-05
781     -0.00033
780     -0.00011
779     -0.00045
778     -0.00051
777     -0.00051
776     -0.00052
775     -0.00038
774     -0.00045
773     -0.00034
772     -0.00021
771     -9E-05
770     -4E-05
769     0.00033
768     0.00053
767     0.00055
766     0.00031
765     0.00041
764     0.00013
763     0.00022
762     0.00033
761     1E-05
760     0.00038
759     0.00055
758     0.00048
757     0.00034
756     0.0003
755     0.00029
754     0.00028
753     0.00059
752     0.0004
751     0.00054
750     0.00083
749     0.00077
748     0.00068
747     0.00089
746     0.00088
745     0.00076
744     0.00074
743     0.00087
742     0.00063
741     0.00062
740     0.00059
739     0.00033
738     0.00055
737     0.00045
736     0.00056
735     0.00072
734     0.00037
733     0.0005
732     0.00049
731     0.00052
730     0.00054
729     0.00073
728     0.00056
727     0.00076
726     0.00049
725     0.0004
724     0.00077
723     0.00062
722     0.00062
721     0.0008
720     0.00097
719     0.00065
718     0.00085
717     0.00056
716     0.00082
715     0.00063
714     0.00056
713     0.00068
712     0.0005
711     0.00052
710     0.00054
709     0.00067
708     0.00057
707     0.00057
706     0.00044
705     0.00054
704     0.00052
703     0.00064
702     0.00064
701     0.00063
700     0.00068
699     0.0009
698     0.0008
697     0.0008
696     0.00068
695     0.00044
694     0.00055
693     0.00061
692     0.00039
691     0.00052
690     0.00043
689     0.00034
688     0.00044
687     0.00026
686     0.00043
685     0.00041
684     0.00054
683     0.00044
682     0.0002
681     0.00029
680     0.00043
679     0.00051
678     0.0003
677     0.00046
676     0.00024
675     0.00047
674     0.0005
673     0.0004
672     0.00023
671     0.00011
670     2E-05
669     0.00043
668     0.00083
667     0.00085
666     0.00101
665     0.00093
664     0.00081
663     0.0006
662     0.00048
661     0.00046
660     0.00047
659     0.00036
658     0.00025
657     0.00011
656     0.00033
655     0.0002
654     0.0004
653     0.00049
652     0.00039
651     0.00028
650     0.00027
649     0.00034
648     0.0003
647     0.00031
646     0.00038
645     0.00047
644     0.0003
643     0.00035
642     0.00035
641     0.00041
640     0.00037
639     0.00016
638     0.0002
637     0.00028
636     0.00026
635     0.00027
634     0.00024
633     0.00029
632     0.00035
631     0.00039
630     0.00024
629     0.00022
628     0.00035
627     0.00041
626     0.0005
625     0.00046
624     0.00054
623     0.00043
622     0.00021
621     0.00031
620     0.0002
619     0.00026
618     0.00032
617     0.00023
616     0.00029
615     0.00037
614     0.00043
613     0.00044
612     0.00047
611     0.00044
610     0.00034
609     0.00025
608     0.00029
607     0.00029
606     0.00038
605     0.00032
604     0.00031
603     0.00028
602     0.00035
601     0.00017
600     7E-05
599     0.0002
598     -7E-05
597     0.0001
596     9E-05
595     3E-05
594     8E-05
593     0.00012
592     1E-05
591     1E-05
590     0.00017
589     0.00016
588     0.0002
587     8E-05
586     0.00025
585     0.00033
584     0.00051
583     0.00054
582     0.0004
581     0.00045
580     0.00047
579     0.00061
578     0.00042
577     0.00059
576     0.00072
575     0.00068
574     0.00058
573     0.00041
572     0.0004
571     0.00052
570     0.00042
569     0.0005
568     0.00047
567     0.00051
566     0.00037
565     0.00071
564     0.00066
563     0.00051
562     0.0005
561     0.0004
560     0.0005
559     0.00042
558     0.00026
557     0.00028
556     0.00036
555     0.00033
554     0.00042
553     0.00029
552     0.00031
551     0.00026
550     0.00027
549     0.00027
548     0.00019
547     0.00033
546     0.00022
545     0.00026
544     0.00029
543     0.0001
542     0.00027
541     0.00014
540     0.00023
539     0.00025
538     0.00029
537     0.00034
536     0.00025
535     0.00017
534     9E-05
533     -1E-05
532     7E-05
531     3E-05
530     0.00021
529     5E-05
528     0.00012
527     1E-05
526     0.00022
525     0.00015
524     0.0002
523     0.00024
522     0.00021
521     9E-05
520     0.00034
519     0.00031
518     0.00018
517     0.00014
516     0.00018
515     0.00032
514     0.00035
513     0.0003
512     0.0004
511     0.00035
510     0.00017
509     0.00019
508     0.00017
507     7E-05
506     0.00021
505     0.00035
504     0.00038
503     0.00026
502     0.00024
501     0.00031
500     0.00018
499     0.00012
498     5E-05
497     0.0003
496     0.00017
495     9E-05
494     0.00015
493     1E-04
492     0.00014
491     0.00013
490     0.00024
489     0.00027
488     0.00024
487     0.00031
486     0.00022
485     9E-05
484     0.00016
483     9E-05
482     0.00014
481     0.00011
480     3E-05
479     0.00015
478     0.00028
477     0.0003
476     -2E-05
475     0.00019
474     0.00019
473     0.00033
472     0.00032
471     0.00032
470     0.00032
469     0.00041
468     0.00043
467     0.00046
466     0.00042
465     0.00034
464     0.00029
463     0.0005
462     0.00044
461     0.00055
460     0.00043
459     0.00052
458     0.00039
457     0.0004
456     0.0003
455     0.00046
454     0.00038
453     0.00063
452     0.00052
451     0.00041
450     0.00058
449     0.00054
448     0.0006
447     0.00044
446     0.00063
445     0.00041
444     0.00051
443     0.00056
442     0.00071
441     0.0006
440     0.00056
439     0.00048
438     0.00068
437     0.00068
436     0.00061
435     0.00057
434     0.00057
433     0.00067
432     0.00053
431     0.00072
430     0.00057
429     0.00058
428     0.0007
427     0.00088
426     0.00073
425     0.00068
424     0.00062
423     0.00091
422     0.00072
421     0.001
420     0.00089
419     0.00097
418     0.00102
417     0.00093
416     0.00077
415     0.0007
414     0.00061
413     0.00063
412     0.00089
411     0.00095
410     0.00107
409     0.00107
408     0.001
407     0.00102
406     0.00092
405     0.00114
404     0.00101
403     0.00109
402     0.00089
401     0.00099
400     0.00095
399     0.00111
398     0.00079
397     0.00093
396     0.00116
395     0.00124
394     0.00108
393     0.00109
392     0.00107
391     0.00086
390     0.00097
389     0.00082
388     0.00096
387     0.00084
386     0.00093
385     0.00119
384     0.00106
383     0.00133
382     0.00127
381     0.00134
380     0.00139
379     0.00148
378     0.0013
377     0.00126
376     0.00108
375     0.00148
374     0.00143
373     0.00159
372     0.00141
371     0.00129
370     0.0014
369     0.0014
368     0.00143
367     0.00162
366     0.00189
365     0.00202
364     0.00211
363     0.00248
362     0.00265
361     0.00286
360     0.00352
359     0.00434
358     0.00533
357     0.00682
356     0.00882
355     0.01154
354     0.01608
353     0.02241
352     0.03101
351     0.04317
350     0.06037
349     0.08366
348     0.11116
347     0.14417
346     0.17919
345     0.21255
344     0.24262
343     0.26576
342     0.28174
341     0.29032
340     0.29537
339     0.29964
338     0.30483
337     0.31301
336     0.32341
335     0.33756
334     0.35279
333     0.37008
332     0.38872
331     0.4094
330     0.43199
329     0.45553
328     0.47734
327     0.49463
326     0.50701
325     0.51193
324     0.51008
323     0.50392
322     0.49744
321     0.49107
320     0.48666
319     0.48355
318     0.4814
317     0.47871
316     0.4754
315     0.47164
314     0.46697
313     0.46172
312     0.45438
311     0.44484
310     0.43295
309     0.41755
308     0.40223
307     0.38634
306     0.37027
305     0.35617
304     0.3421
303     0.32851
302     0.31483
301     0.30189
300     0.28788
299     0.2733
298     0.26086
297     0.24675
296     0.23341
295     0.22069
294     0.20784
293     0.1957
292     0.1852
291     0.17513
290     0.16638
289     0.15853
288     0.15129
287     0.14472
286     0.13796
285     0.13164
284     0.12599
283     0.12066
282     0.11669
281     0.11446
280     0.11289
279     0.11139
278     0.10918
277     0.10582
276     0.10136
275     0.09678
274     0.09238
273     0.08893
272     0.08624
271     0.0839
270     0.0812
269     0.07806
268     0.07415
267     0.07019
266     0.06632
265     0.06296
264     0.06004
263     0.05738
262     0.05539
261     0.05323
260     0.05112
259     0.04967
258     0.04797
257     0.04653
256     0.04583
255     0.04519
254     0.04409
253     0.04364
252     0.04312
251     0.04282
250     0.0432
249     0.04344
248     0.04363
247     0.0439
246     0.04432
245     0.04487
244     0.04594
243     0.04713
242     0.049
241     0.05093
240     0.05363
239     0.05768
238     0.06323
237     0.06937
236     0.08002
235     0.0907
234     0.10251
233     0.11379
232     0.12441
231     0.13124
230     0.13819
229     0.15024
228     0.16927
227     0.22751
