1100    -0.000468696
1099    -0.00045389
1098    -0.000521295
1097    -0.00052415
1096    -0.000519301
1095    -0.000495064
1094    -0.00049172
1093    -0.000497664
1092    -0.00050459
1091    -0.00052428
1090    -0.000485811
1089    -0.000494412
1088    -0.000477751
1087    -0.000507141
1086    -0.000558417
1085    -0.000498544
1084    -0.000534759
1083    -0.000485227
1082    -0.000544475
1081    -0.00049349
1080    -0.000548695
1079    -0.000531394
1078    -0.000556385
1077    -0.000525012
1076    -0.000533677
1075    -0.000545889
1074    -0.000531588
1073    -0.000506433
1072    -0.000535155
1071    -0.000536198
1070    -0.000562267
1069    -0.000556177
1068    -0.00056281
1067    -0.000549902
1066    -0.000581744
1065    -0.000576281
1064    -0.000577042
1063    -0.000554832
1062    -0.000562768
1061    -0.000583202
1060    -0.000582094
1059    -0.000556175
1058    -0.000529578
1057    -0.000524619
1056    -0.00057019
1055    -0.000582464
1054    -0.000554199
1053    -0.000518603
1052    -0.000522108
1051    -0.00054095
1050    -0.000532624
1049    -0.00053408
1048    -0.000515112
1047    -0.000534144
1046    -0.000536341
1045    -0.000556861
1044    -0.000531907
1043    -0.000497902
1042    -0.000519049
1041    -0.000494517
1040    -0.000510784
1039    -0.00054824
1038    -0.000537644
1037    -0.000564951
1036    -0.000547417
1035    -0.000566501
1034    -0.000535137
1033    -0.000572333
1032    -0.00055217
1031    -0.000546943
1030    -0.000589152
1029    -0.000611258
1028    -0.000597723
1027    -0.000581087
1026    -0.000580062
1025    -0.00062054
1024    -0.000595465
1023    -0.000635308
1022    -0.000612191
1021    -0.000630145
1020    -0.000608386
1019    -0.000626048
1018    -0.000642961
1017    -0.000641409
1016    -0.000651218
1015    -0.000644361
1014    -0.000641504
1013    -0.000605383
1012    -0.000634812
1011    -0.000589126
1010    -0.000585543
1009    -0.000565601
1008    -0.000568775
1007    -0.000574601
1006    -0.000535564
1005    -0.000544897
1004    -0.000552225
1003    -0.000572406
1002    -0.000541592
1001    -0.000565792
1000    -0.000580706
999     -0.000604239
998     -0.000593184
997     -0.000588205
996     -0.000577103
995     -0.000539818
994     -0.000579229
993     -0.000544374
992     -0.000581649
991     -0.000566374
990     -0.000590667
989     -0.000550814
988     -0.000583922
987     -0.000571042
986     -0.000594076
985     -0.000588109
984     -0.000565478
983     -0.000541
982     -0.00056272
981     -0.000554255
980     -0.000532394
979     -0.000533605
978     -0.000535943
977     -0.000512617
976     -0.000528647
975     -0.000512975
974     -0.000475432
973     -0.000494394
972     -0.000500758
971     -0.000511379
970     -0.000525535
969     -0.000531841
968     -0.000531649
967     -0.000519939
966     -0.000498139
965     -0.000523454
964     -0.000523191
963     -0.000515878
962     -0.000539405
961     -0.000523891
960     -0.000534727
959     -0.000488762
958     -0.000472211
957     -0.000498168
956     -0.000494919
955     -0.000513047
954     -0.000500113
953     -0.000482571
952     -0.000523784
951     -0.000484469
950     -0.000496105
949     -0.00045541
948     -0.000466094
947     -0.00048
946     -0.000458123
945     -0.000490954
944     -0.000506032
943     -0.000479029
942     -0.000478804
941     -0.000466637
940     -0.000459101
939     -0.000470406
938     -0.000506517
937     -0.000457031
936     -0.000476419
935     -0.000452865
934     -0.000506699
933     -0.000490546
932     -0.000487363
931     -0.000493132
930     -0.000497058
929     -0.000490273
928     -0.000468122
927     -0.000480671
926     -0.000469163
925     -0.000459781
924     -0.000445485
923     -0.000472742
922     -0.000470003
921     -0.00048847
920     -0.000477979
919     -0.000474422
918     -0.000478244
917     -0.000496091
916     -0.000470855
915     -0.000493921
914     -0.000490296
913     -0.000528458
912     -0.000520964
911     -0.000516279
910     -0.000535105
909     -0.000530272
908     -0.000546049
907     -0.000516357
906     -0.000531019
905     -0.00052384
904     -0.000468521
903     -0.000497048
902     -0.000451981
901     -0.000457289
900     -0.000432613
899     -0.000456821
898     -0.00043271
897     -0.000400623
896     -0.000388935
895     -0.000398636
894     -0.000410347
893     -0.000407452
892     -0.000436797
891     -0.000438502
890     -0.000435926
889     -0.000419841
888     -0.000432804
887     -0.000438979
886     -0.000480171
885     -0.000492679
884     -0.000517915
883     -0.00052031
882     -0.000557653
881     -0.000557666
880     -0.000539078
879     -0.000585012
878     -0.000545674
877     -0.000550371
876     -0.000526041
875     -0.00052369
874     -0.000483586
873     -0.000487635
872     -0.000466609
871     -0.000418006
870     -0.000431709
869     -0.000461346
868     -0.00045683
867     -0.000459484
866     -0.000442755
865     -0.000441383
864     -0.000402935
863     -0.000438594
862     -0.000443495
861     -0.000454532
860     -0.000432961
859     -0.000418454
858     -0.00041591
857     -0.000414729
856     -0.000450534
855     -0.000394887
854     -0.000414208
853     -0.00040259
852     -0.000418288
851     -0.000388278
850     -0.00122512
849     -0.00118638
848     -0.00108963
847     -0.00105043
846     -0.000941043
845     -0.000974096
844     -0.000937572
843     -0.000902536
842     -0.000946643
841     -0.000811823
840     -0.000857565
839     -0.000814093
838     -0.000939185
837     -0.000936432
836     -0.000894399
835     -0.000856276
834     -0.000827015
833     -0.00086024
832     -0.000851661
831     -0.000927574
830     -0.000937472
829     -0.000930502
828     -0.000918169
827     -0.000998978
826     -0.00101057
825     -0.00105237
824     -0.00103136
823     -0.00104455
822     -0.00102348
821     -0.000985772
820     -0.00106957
819     -0.00109085
818     -0.00106016
817     -0.00106786
816     -0.000990139
815     -0.000999311
814     -0.00105256
813     -0.00105235
812     -0.00107919
811     -0.00109882
810     -0.000950498
809     -0.000884008
808     -0.00090857
807     -0.00100344
806     -0.00104077
805     -0.000972471
804     -0.000912952
803     -0.000885465
802     -0.000922699
801     -0.000954595
800     -0.00105013
799     -0.00106556
798     -0.00106294
797     -0.00104365
796     -0.00103216
795     -0.0010519
794     -0.00100581
793     -0.00101115
792     -0.000989044
791     -0.00101981
790     -0.00110817
789     -0.00113109
788     -0.00118863
787     -0.0011226
786     -0.00113687
785     -0.00110186
784     -0.00109932
783     -0.0011187
782     -0.00113662
781     -0.00114635
780     -0.001089
779     -0.00109478
778     -0.00117649
777     -0.00121608
776     -0.00128392
775     -0.00116543
774     -0.00111565
773     -0.0010784
772     -0.00111265
771     -0.00113873
770     -0.0011869
769     -0.00120011
768     -0.0012256
767     -0.00117161
766     -0.00126052
765     -0.00129367
764     -0.00126521
763     -0.00117933
762     -0.00112775
761     -0.00114231
760     -0.00112343
759     -0.00111698
758     -0.001089
757     -0.00106386
756     -0.000996718
755     -0.00101907
754     -0.00107
753     -0.00112589
752     -0.00110902
751     -0.00117154
750     -0.00116065
749     -0.00119632
748     -0.00119816
747     -0.00119583
746     -0.00120423
745     -0.00121903
744     -0.0011707
743     -0.00118072
742     -0.0011997
741     -0.00119053
740     -0.00122789
739     -0.00121598
738     -0.00117157
737     -0.00110022
736     -0.00109284
735     -0.00108897
734     -0.00108934
733     -0.00116496
732     -0.00115064
731     -0.00117341
730     -0.00118024
729     -0.00118927
728     -0.00124815
727     -0.00124689
726     -0.00123246
725     -0.0012354
724     -0.00127098
723     -0.00129184
722     -0.0013045
721     -0.00127986
720     -0.00128646
719     -0.00128215
718     -0.00130179
717     -0.00123525
716     -0.00126334
715     -0.00127145
714     -0.00127137
713     -0.00129545
712     -0.00128983
711     -0.00125655
710     -0.00124662
709     -0.00124171
708     -0.00126946
707     -0.00132903
706     -0.00130902
705     -0.00129108
704     -0.00127941
703     -0.0012817
702     -0.00128513
701     -0.00128119
700     -0.00128884
699     -0.00124499
698     -0.00122483
697     -0.00123041
696     -0.00120829
695     -0.0012263
694     -0.00119876
693     -0.0012254
692     -0.00120776
691     -0.00118034
690     -0.00116124
689     -0.0011965
688     -0.00121509
687     -0.00125987
686     -0.00128069
685     -0.00132627
684     -0.00133265
683     -0.00133359
682     -0.00132469
681     -0.00134619
680     -0.00135239
679     -0.00132301
678     -0.00130158
677     -0.00125127
676     -0.00127046
675     -0.00124111
674     -0.00124066
673     -0.00126097
672     -0.0012782
671     -0.00126991
670     -0.00127263
669     -0.00127753
668     -0.00129009
667     -0.00133743
666     -0.00137494
665     -0.00136799
664     -0.00133389
663     -0.00129172
662     -0.00130305
661     -0.00124528
660     -0.00121367
659     -0.00121315
658     -0.00122931
657     -0.00127371
656     -0.00127744
655     -0.00131953
654     -0.00130091
653     -0.00128998
652     -0.00129413
651     -0.00128996
650     -0.00124408
649     -0.00119745
648     -0.00118097
647     -0.00119761
646     -0.00122526
645     -0.00119702
644     -0.00122482
643     -0.00121804
642     -0.00119409
641     -0.0012218
640     -0.00120151
639     -0.00121351
638     -0.00117647
637     -0.00116916
636     -0.00115781
635     -0.0011939
634     -0.00121819
633     -0.00119975
632     -0.00118531
631     -0.00115611
630     -0.00112875
629     -0.00112128
628     -0.00114582
627     -0.00116237
626     -0.00116076
625     -0.00112718
624     -0.00111987
623     -0.00111065
622     -0.00111915
621     -0.00110221
620     -0.00111994
619     -0.00111262
618     -0.00116731
617     -0.00117885
616     -0.00117387
615     -0.00114806
614     -0.00114825
613     -0.00113934
612     -0.00112064
611     -0.00111614
610     -0.00111988
609     -0.00112699
608     -0.0011288
607     -0.00115968
606     -0.00114586
605     -0.00112655
604     -0.00111999
603     -0.00109638
602     -0.00107309
601     -0.00107317
600     -0.00117227
599     -0.0011808
598     -0.00115064
597     -0.00113291
596     -0.00109075
595     -0.00109773
594     -0.00111671
593     -0.00113754
592     -0.00114538
591     -0.00112203
590     -0.00110074
589     -0.00106817
588     -0.00104205
587     -0.00105789
586     -0.00104757
585     -0.00104371
584     -0.00103246
583     -0.00100258
582     -0.000995835
581     -0.0010006
580     -0.00103407
579     -0.00106929
578     -0.00105217
577     -0.00102945
576     -0.00100775
575     -0.000992296
574     -0.00098589
573     -0.000961537
572     -0.000947969
571     -0.000949236
570     -0.00100583
569     -0.000995954
568     -0.00102138
567     -0.000974821
566     -0.000955732
565     -0.000916737
564     -0.000911653
563     -0.000889352
562     -0.000873495
561     -0.000886769
560     -0.000909158
559     -0.000931468
558     -0.000921452
557     -0.000899622
556     -0.000851384
555     -0.000849339
554     -0.00085573
553     -0.000873083
552     -0.000838703
551     -0.000824818
550     -0.000784577
549     -0.000746765
548     -0.000780867
547     -0.000759718
546     -0.00081199
545     -0.000807656
544     -0.000799567
543     -0.00076652
542     -0.000754665
541     -0.000754871
540     -0.000741452
539     -0.000701668
538     -0.000682907
537     -0.000667577
536     -0.000699934
535     -0.000697201
534     -0.00066075
533     -0.000639655
532     -0.000619399
531     -0.000626209
530     -0.000613611
529     -0.000615305
528     -0.000635774
527     -0.000683346
526     -0.000650313
525     -0.000607274
524     -0.000592954
523     -0.000582017
522     -0.000576114
521     -0.000535357
520     -0.000422281
519     -0.000441324
518     -0.000476619
517     -0.000470691
516     -0.000414955
515     -0.000375859
514     -0.000396296
513     -0.00038376
512     -0.000441262
511     -0.000394752
510     -0.000336538
509     -0.000316051
508     -0.000309082
507     -0.000355121
506     -0.000326678
505     -0.000320929
504     -0.000286904
503     -0.000307667
502     -0.00027857
501     -0.000276005
500     -0.000255451
499     -0.000246219
498     -0.000214736
497     -0.000173767
496     -0.000130617
495     -0.000116542
494     -9.05E-05
493     -6.97E-05
492     -7.74E-05
491     -1.94E-05
490     -3.25E-05
489     -2.86E-05
488     -4.11E-05
487     -1.82E-05
486     1.54E-05
485     3.01E-05
484     3.56E-05
483     8.17E-05
482     0.000130488
481     0.000177239
480     0.000170949
479     0.000195401
478     0.000247747
477     0.000320513
476     0.000348969
475     0.000341053
474     0.000384247
473     0.000449872
472     0.000507405
471     0.000539715
470     0.000554037
469     0.000567124
468     0.000574629
467     0.000651311
466     0.000715966
465     0.000784552
464     0.000823742
463     0.000822177
462     0.000836537
461     0.000893893
460     0.000970475
459     0.00104078
458     0.00113736
457     0.00118463
456     0.00125696
455     0.00133465
454     0.00137916
453     0.00141658
452     0.00150371
451     0.00159208
450     0.00173129
449     0.00182615
448     0.00192903
447     0.00200478
446     0.00204357
445     0.00215298
444     0.00224899
443     0.00234033
442     0.00247745
441     0.00259086
440     0.00273428
439     0.00282423
438     0.00300735
437     0.00318852
436     0.003448
435     0.00360992
434     0.00380264
433     0.00394831
432     0.00413528
431     0.00430896
430     0.00451187
429     0.00471784
428     0.0049956
427     0.00529756
426     0.00555114
425     0.00580114
424     0.00606096
423     0.00634358
422     0.00666746
421     0.00702019
420     0.00733857
419     0.00773745
418     0.00814661
417     0.00855298
416     0.00891151
415     0.0093743
414     0.00974224
413     0.0102893
412     0.0107393
411     0.0112696
410     0.0119052
409     0.0124837
408     0.0130913
407     0.0137152
406     0.014427
405     0.0150708
404     0.0157001
403     0.0163996
402     0.0171077
401     0.0179664
400     0.0187917
399     0.0195923
398     0.0205412
397     0.0214875
396     0.0224325
395     0.0233278
394     0.0242124
393     0.0252229
392     0.0263634
391     0.0275627
390     0.0287859
389     0.029926
388     0.0310771
387     0.0323413
386     0.0335956
385     0.034919
384     0.0361736
383     0.0374632
382     0.038856
381     0.0402679
380     0.0417787
379     0.0432992
378     0.0447495
377     0.0463061
376     0.0478662
375     0.0494941
374     0.051037
373     0.0526806
372     0.0543576
371     0.0560304
370     0.0575855
369     0.0593414
368     0.0611192
367     0.0628286
366     0.0646003
365     0.0665539
364     0.0684939
363     0.0703704
362     0.0723291
361     0.0742282
360     0.0763135
359     0.0783309
358     0.0803231
357     0.0823342
356     0.0844997
355     0.0867851
354     0.0889882
353     0.0910501
352     0.0930532
351     0.0951771
350     0.0972813
349     0.0993981
348     0.101561
347     0.103724
346     0.106209
345     0.10851
344     0.11095
343     0.11341
342     0.115683
341     0.117987
340     0.121056
339     0.123255
338     0.125598
337     0.128023
336     0.130358
335     0.132687
334     0.134886
333     0.137106
332     0.139565
331     0.142044
330     0.144438
329     0.146632
328     0.148974
327     0.151387
326     0.153844
325     0.156263
324     0.158514
323     0.160856
322     0.16295
321     0.165193
320     0.167379
319     0.169778
318     0.172114
317     0.174471
316     0.176783
315     0.178997
314     0.181257
313     0.183636
312     0.186011
311     0.188207
310     0.190319
309     0.192566
308     0.194757
307     0.197008
306     0.199069
305     0.200933
304     0.202488
303     0.203889
302     0.205044
301     0.20616
300     0.207072
299     0.207758
298     0.208267
297     0.208641
296     0.20889
295     0.209144
294     0.209166
293     0.209101
292     0.208934
291     0.208761
290     0.208547
289     0.208243
288     0.207848
287     0.207518
286     0.207234
285     0.206927
284     0.206825
283     0.206789
282     0.207012
281     0.207379
280     0.207931
279     0.208471
278     0.209129
277     0.209909
276     0.210748
275     0.211722
274     0.212595
273     0.21356
272     0.214546
271     0.21566
270     0.21683
269     0.218071
268     0.219208
267     0.220393
266     0.22144
265     0.222356
264     0.223238
263     0.224104
262     0.224701
261     0.225093
260     0.225328
259     0.22537
258     0.225309
257     0.22525
256     0.225242
255     0.2252
254     0.225068
253     0.224932
252     0.22483
251     0.224632
250     0.224142
249     0.223493
248     0.222533
247     0.221374
246     0.220069
245     0.21856
244     0.216938
243     0.215249
242     0.213676
241     0.212073
240     0.210635
239     0.209428
238     0.20877
237     0.20875
236     0.209433
235     0.210881
234     0.213021
233     0.215948
232     0.219737
231     0.224251
230     0.229495
229     0.235338
228     0.241788
227     0.248544
226     0.255638
225     0.262847
224     0.270144
223     0.27733
222     0.284007
221     0.289808
220     0.294806
219     0.299162
218     0.303369
217     0.307934
216     0.313413
215     0.320223
214     0.328459
213     0.338796
212     0.351468
211     0.366701
210     0.384503
209     0.404785
208     0.427331
207     0.45177
206     0.477369
205     0.503708
204     0.530977
203     0.559554
202     0.589475
201     0.620623
200     0.652069
