1100     -0.00145335
1099     -0.00148704
1098     -0.00144036
1097     -0.00148514
1096     -0.00143693
1095     -0.0014344
1094     -0.00143691
1093     -0.00144859
1092     -0.00144874
1091     -0.00144579
1090     -0.00145389
1089     -0.00142589
1088     -0.00144741
1087     -0.00147033
1086     -0.00145465
1085     -0.00144102
1084     -0.00144236
1083     -0.00140731
1082     -0.00143341
1081     -0.00144823
1080     -0.00144637
1079     -0.00146836
1078     -0.00142684
1077     -0.00142849
1076     -0.00143649
1075     -0.00141695
1074     -0.00144892
1073     -0.00144006
1072     -0.00143807
1071     -0.00144656
1070     -0.00143858
1069     -0.00149979
1068     -0.00144603
1067     -0.00146718
1066     -0.00146734
1065     -0.00146136
1064     -0.0014428
1063     -0.00142598
1062     -0.00141902
1061     -0.0014746
1060     -0.00143501
1059     -0.00145075
1058     -0.00141536
1057     -0.0014243
1056     -0.00145291
1055     -0.00141119
1054     -0.00140298
1053     -0.00138549
1052     -0.00137209
1051     -0.00141182
1050     -0.00141011
1049     -0.00139429
1048     -0.00142184
1047     -0.00141163
1046     -0.00145019
1045     -0.00144359
1044     -0.00145929
1043     -0.00146853
1042     -0.00146043
1041     -0.00150701
1040     -0.00149114
1039     -0.00151033
1038     -0.001517
1037     -0.00153883
1036     -0.00152823
1035     -0.00152558
1034     -0.00151317
1033     -0.001514
1032     -0.00150112
1031     -0.00148292
1030     -0.00152057
1029     -0.00152083
1028     -0.00152773
1027     -0.00148666
1026     -0.00145024
1025     -0.0014992
1024     -0.00149146
1023     -0.00148689
1022     -0.00145878
1021     -0.00145451
1020     -0.00145088
1019     -0.00147055
1018     -0.00147188
1017     -0.00144294
1016     -0.00143385
1015     -0.00147585
1014     -0.00145858
1013     -0.00146993
1012     -0.00148802
1011     -0.00150261
1010     -0.00150813
1009     -0.00147328
1008     -0.00150827
1007     -0.00154898
1006     -0.00152772
1005     -0.00153934
1004     -0.00155279
1003     -0.00157718
1002     -0.00159012
1001     -0.00158346
1000     -0.00160665
999      -0.00161375
998      -0.00165521
997      -0.00164008
996      -0.00166585
995      -0.0016369
994      -0.00167354
993      -0.00167221
992      -0.00169897
991      -0.00166402
990      -0.00168245
989      -0.0016374
988      -0.0016604
987      -0.00164334
986      -0.00162995
985      -0.0016516
984      -0.00164387
983      -0.00159639
982      -0.00162933
981      -0.00160384
980      -0.00160144
979      -0.00155059
978      -0.00159102
977      -0.001583
976      -0.00158544
975      -0.00156317
974      -0.00157593
973      -0.00157873
972      -0.00158169
971      -0.00158834
970      -0.0015736
969      -0.0015988
968      -0.0015577
967      -0.00155459
966      -0.00158766
965      -0.00156107
964      -0.00157966
963      -0.00154752
962      -0.00157622
961      -0.00159824
960      -0.00157351
959      -0.00157051
958      -0.0015321
957      -0.00154987
956      -0.00153882
955      -0.00157832
954      -0.00153824
953      -0.00157598
952      -0.00158481
951      -0.0015812
950      -0.00155019
949      -0.00152336
948      -0.00152448
947      -0.00156012
946      -0.00156143
945      -0.0015927
944      -0.00156251
943      -0.00157154
942      -0.00155744
941      -0.00158806
940      -0.00155058
939      -0.00155433
938      -0.00158183
937      -0.00155045
936      -0.00157473
935      -0.00153882
934      -0.00157567
933      -0.00156913
932      -0.00159257
931      -0.00158957
930      -0.00160115
929      -0.00159565
928      -0.00156413
927      -0.00156007
926      -0.00155942
925      -0.00157665
924      -0.001567
923      -0.00157173
922      -0.00159738
921      -0.00163774
920      -0.00162025
919      -0.00159546
918      -0.00156223
917      -0.00158867
916      -0.00161379
915      -0.00159951
914      -0.00161163
913      -0.00156463
912      -0.0015488
911      -0.0015096
910      -0.00155015
909      -0.00155134
908      -0.00160277
907      -0.00155664
906      -0.00152433
905      -0.00148448
904      -0.00148507
903      -0.00147835
902      -0.00146689
901      -0.00144362
900      -0.00145138
899      -0.00144116
898      -0.00150498
897      -0.00148863
896      -0.00151477
895      -0.00152866
894      -0.0015539
893      -0.00160294
892      -0.00162962
891      -0.00168319
890      -0.00170618
889      -0.00174983
888      -0.00175923
887      -0.00179842
886      -0.00182658
885      -0.00186347
884      -0.00190184
883      -0.00189064
882      -0.00193822
881      -0.00191722
880      -0.00190289
879      -0.00190589
878      -0.00188676
877      -0.00183494
876      -0.00183192
875      -0.00181457
874      -0.00174787
873      -0.00173721
872      -0.00170753
871      -0.0016791
870      -0.0016941
869      -0.00170618
868      -0.00168725
867      -0.00167462
866      -0.00167045
865      -0.00163435
864      -0.00161969
863      -0.00163581
862      -0.00164449
861      -0.00165565
860      -0.0016502
859      -0.00162881
858      -0.00165553
857      -0.00163849
856      -0.00167179
855      -0.00163917
854      -0.00164258
853      -0.00163707
852      -0.00164658
851      -0.0016276
850      -0.00364382
849      -0.0037569
848      -0.00375532
847      -0.0038094
846      -0.00369337
845      -0.00376186
844      -0.00380852
843      -0.00378722
842      -0.00377141
841      -0.00360513
840      -0.00363605
839      -0.00359391
838      -0.00376626
837      -0.0037484
836      -0.00371908
835      -0.00374041
834      -0.00374682
833      -0.0037017
832      -0.00374488
831      -0.00373115
830      -0.00379493
829      -0.00369216
828      -0.00372185
827      -0.00378462
826      -0.00374109
825      -0.00379248
824      -0.00379935
823      -0.00382099
822      -0.0038065
821      -0.00376753
820      -0.00388944
819      -0.00390906
818      -0.0038639
817      -0.00389153
816      -0.00386641
815      -0.0038368
814      -0.00386951
813      -0.00384478
812      -0.00384152
811      -0.00382385
810      -0.0037328
809      -0.00371878
808      -0.00380208
807      -0.00375827
806      -0.00377977
805      -0.00372508
804      -0.00373461
803      -0.0036909
802      -0.00365137
801      -0.00372226
800      -0.00381335
799      -0.00395358
798      -0.00396041
797      -0.00393846
796      -0.00388989
795      -0.00395293
794      -0.00391072
793      -0.00388438
792      -0.00384955
791      -0.00392168
790      -0.00399709
789      -0.00399382
788      -0.0039975
787      -0.00398338
786      -0.0040556
785      -0.00407452
784      -0.00409485
783      -0.00407994
782      -0.00406265
781      -0.00400042
780      -0.00398167
779      -0.00399724
778      -0.00408085
777      -0.00411686
776      -0.00417431
775      -0.00406952
774      -0.00403627
773      -0.00397799
772      -0.00408216
771      -0.0040926
770      -0.00415865
769      -0.0041177
768      -0.00414188
767      -0.00409664
766      -0.00417374
765      -0.00418877
764      -0.00416661
763      -0.00414093
762      -0.00411456
761      -0.00411171
760      -0.00405403
759      -0.0039546
758      -0.00393536
757      -0.00397875
756      -0.0039927
755      -0.00398906
754      -0.00401681
753      -0.00403191
752      -0.0040689
751      -0.0040999
750      -0.00416511
749      -0.0041836
748      -0.0042141
747      -0.00418753
746      -0.00422264
745      -0.0042464
744      -0.0042601
743      -0.00423989
742      -0.00423731
741      -0.00424203
740      -0.00422804
739      -0.00420604
738      -0.00419198
737      -0.00413971
736      -0.00416258
735      -0.00413446
734      -0.00418561
733      -0.00427459
732      -0.0042802
731      -0.00430163
730      -0.00432209
729      -0.00431669
728      -0.00436835
727      -0.00435465
726      -0.00434259
725      -0.0043568
724      -0.00436853
723      -0.0044116
722      -0.00439969
721      -0.00443206
720      -0.0044055
719      -0.00444812
718      -0.00442155
717      -0.00444023
716      -0.00442457
715      -0.00446233
714      -0.00445
713      -0.00448293
712      -0.00450942
711      -0.00451546
710      -0.00449478
709      -0.00444976
708      -0.00451677
707      -0.0045156
706      -0.00452576
705      -0.00450872
704      -0.00454228
703      -0.00457799
702      -0.00457622
701      -0.00458426
700      -0.00453386
699      -0.00449562
698      -0.00451109
697      -0.00450944
696      -0.00448273
695      -0.0044891
694      -0.00450185
693      -0.00450843
692      -0.00452284
691      -0.00453297
690      -0.00454549
689      -0.00457772
688      -0.00454193
687      -0.00458622
686      -0.0045767
685      -0.00465515
684      -0.00468507
683      -0.00473978
682      -0.00472584
681      -0.00471718
680      -0.00474473
679      -0.00472294
678      -0.00470722
677      -0.00465031
676      -0.00465849
675      -0.00466533
674      -0.00467366
673      -0.00470892
672      -0.00469253
671      -0.00468826
670      -0.00467447
669      -0.00470793
668      -0.00472719
667      -0.00474591
666      -0.00477292
665      -0.00478071
664      -0.00478777
663      -0.00476864
662      -0.00475336
661      -0.00475765
660      -0.00474769
659      -0.0047556
658      -0.00477063
657      -0.00479306
656      -0.00478304
655      -0.0048036
654      -0.00477868
653      -0.00481465
652      -0.00482604
651      -0.00481774
650      -0.0048078
649      -0.00477189
648      -0.00477155
647      -0.00478961
646      -0.00485828
645      -0.00483184
644      -0.00481664
643      -0.00478085
642      -0.00479524
641      -0.00482822
640      -0.0048521
639      -0.00487119
638      -0.00488356
637      -0.00485037
636      -0.00483247
635      -0.00486625
634      -0.00488628
633      -0.0048915
632      -0.00486708
631      -0.00484534
630      -0.00486708
629      -0.00484577
628      -0.00489433
627      -0.00494139
626      -0.00495903
625      -0.00492548
624      -0.00491211
623      -0.00490404
622      -0.00489542
621      -0.00493285
620      -0.00498768
619      -0.00498632
618      -0.00500616
617      -0.00497125
616      -0.00496864
615      -0.00497608
614      -0.00501194
613      -0.00497943
612      -0.00498703
611      -0.00495861
610      -0.00495071
609      -0.00496244
608      -0.004986
607      -0.00507107
606      -0.00507629
605      -0.00504408
604      -0.00503973
603      -0.00498979
602      -0.0050285
601      -0.00502319
600      -0.00507182
599      -0.00510741
598      -0.00508832
597      -0.00509356
596      -0.00507271
595      -0.00508244
594      -0.00514928
593      -0.00514264
592      -0.00514625
591      -0.00512224
590      -0.0050969
589      -0.00506775
588      -0.00502978
587      -0.00506048
586      -0.00510354
585      -0.0051318
584      -0.00512345
583      -0.00512433
582      -0.00510491
581      -0.0051407
580      -0.0051935
579      -0.00520391
578      -0.00521609
577      -0.00519269
576      -0.00516397
575      -0.00518368
574      -0.00522346
573      -0.00519853
572      -0.00521533
571      -0.0051891
570      -0.00522076
569      -0.00518941
568      -0.00523762
567      -0.00522805
566      -0.00523813
565      -0.0052149
564      -0.00521903
563      -0.00525096
562      -0.00524083
561      -0.00526404
560      -0.00529902
559      -0.0052894
558      -0.00530111
557      -0.0052498
556      -0.00527531
555      -0.00522138
554      -0.00530028
553      -0.00531568
552      -0.0053438
551      -0.00532184
550      -0.00528866
549      -0.00527846
548      -0.00531833
547      -0.00532599
546      -0.00533833
545      -0.00532701
544      -0.00532152
543      -0.00529033
542      -0.00530793
541      -0.00533121
540      -0.0053535
539      -0.00532714
538      -0.0053405
537      -0.00531078
536      -0.0053143
535      -0.00530143
534      -0.00529414
533      -0.00529516
532      -0.00532335
531      -0.00534099
530      -0.00532606
529      -0.00534069
528      -0.00535506
527      -0.00542307
526      -0.00537936
525      -0.00533827
524      -0.00535284
523      -0.00541985
522      -0.00545795
521      -0.0054295
520      -0.00532887
519      -0.00534896
518      -0.00536513
517      -0.00537813
516      -0.0053604
515      -0.00535644
514      -0.00534799
513      -0.00533426
512      -0.0053948
511      -0.00537335
510      -0.00535982
509      -0.00533197
508      -0.00537167
507      -0.00543876
506      -0.00544488
505      -0.00543245
504      -0.00540109
503      -0.00542318
502      -0.0053592
501      -0.00535025
500      -0.00528911
499      -0.00532505
498      -0.00536326
497      -0.00533078
496      -0.00530236
495      -0.00528418
494      -0.00530306
493      -0.00528447
492      -0.00529199
491      -0.00527278
490      -0.00526301
489      -0.00527772
488      -0.00528213
487      -0.00525976
486      -0.00527125
485      -0.00526818
484      -0.00527396
483      -0.0052745
482      -0.00521655
481      -0.00522733
480      -0.00523889
479      -0.0052728
478      -0.00527803
477      -0.00524734
476      -0.00525521
475      -0.00525518
474      -0.00521869
473      -0.00516437
472      -0.0051579
471      -0.00517609
470      -0.00519997
469      -0.00517612
468      -0.00514832
467      -0.00509697
466      -0.00507685
465      -0.00510158
464      -0.00513289
463      -0.00514381
462      -0.00515217
461      -0.0051271
460      -0.0050962
459      -0.00510621
458      -0.00508133
457      -0.00511152
456      -0.00506142
455      -0.00500416
454      -0.00500376
453      -0.00499711
452      -0.00496866
451      -0.00495181
450      -0.0049102
449      -0.00487739
448      -0.00484565
447      -0.00485548
446      -0.00486911
445      -0.00485852
444      -0.00478934
443      -0.00480329
442      -0.00478649
441      -0.004805
440      -0.00476231
439      -0.00472682
438      -0.00463789
437      -0.0045694
436      -0.00442202
435      -0.00442083
434      -0.00439177
433      -0.00440012
432      -0.00439835
431      -0.0043778
430      -0.00437203
429      -0.00428894
428      -0.00416176
427      -0.00403965
426      -0.00403132
425      -0.00396624
424      -0.00390473
423      -0.0038079
422      -0.00372141
421      -0.00358766
420      -0.00351585
419      -0.00346424
418      -0.00333095
417      -0.0032255
416      -0.0031151
415      -0.00297512
414      -0.00282852
413      -0.00277221
412      -0.0027136
411      -0.00255103
410      -0.0023076
409      -0.0020489
408      -0.00186613
407      -0.00162941
406      -0.00138902
405      -0.00121304
404      -0.00102378
403      -0.000780949
402      -0.000572009
401      -0.000277328
400      1.11E-05
399      0.000300886
398      0.000748646
397      0.0011203
396      0.00152979
395      0.00180416
394      0.00212224
393      0.00252292
392      0.00293981
391      0.00344692
390      0.00391989
389      0.00437749
388      0.00486022
387      0.00538473
386      0.00592568
385      0.00653689
384      0.00706446
383      0.00760769
382      0.00821938
381      0.00884694
380      0.00955882
379      0.0102654
378      0.0109447
377      0.0116622
376      0.0124188
375      0.0132243
374      0.0140145
373      0.0147318
372      0.0155361
371      0.0163515
370      0.017205
369      0.0181388
368      0.0190724
367      0.020091
366      0.0209878
365      0.0219991
364      0.0229549
363      0.0240845
362      0.0252626
361      0.0264637
360      0.0277606
359      0.0289456
358      0.0302562
357      0.0315406
356      0.0329405
355      0.0344172
354      0.0358609
353      0.0373267
352      0.038829
351      0.0404351
350      0.042064
349      0.0436712
348      0.0454563
347      0.0472306
346      0.0492699
345      0.0511056
344      0.0531177
343      0.0551667
342      0.0572284
341      0.059237
340      0.0623756
339      0.0645911
338      0.0667494
337      0.0690866
336      0.0712617
335      0.0734795
334      0.0757412
333      0.077995
332      0.0806225
331      0.0831425
330      0.0858188
329      0.0883321
328      0.0908468
327      0.0935108
326      0.0963528
325      0.0991193
324      0.102001
323      0.104885
322      0.10785
321      0.110964
320      0.114169
319      0.117743
318      0.121345
317      0.125149
316      0.12903
315      0.133085
314      0.137351
313      0.141647
312      0.146083
311      0.150389
310      0.154691
309      0.159061
308      0.163314
307      0.167595
306      0.171688
305      0.17549
304      0.178966
303      0.182389
302      0.185523
301      0.188643
300      0.191243
299      0.19371
298      0.195907
297      0.197956
296      0.199738
295      0.201215
294      0.202334
293      0.202997
292      0.203154
291      0.202895
290      0.202436
289      0.20184
288      0.201014
287      0.200089
286      0.19912
285      0.197976
284      0.19694
283      0.195749
282      0.194482
281      0.193016
280      0.19135
279      0.189696
278      0.188088
277      0.18648
276      0.184792
275      0.183194
274      0.181422
273      0.179771
272      0.178082
271      0.176626
270      0.175312
269      0.174103
268      0.173035
267      0.172099
266      0.171166
265      0.170338
264      0.169726
263      0.169282
262      0.16883
261      0.168433
260      0.168084
259      0.167858
258      0.167636
257      0.167412
256      0.167096
255      0.166541
254      0.165674
253      0.164455
252      0.162892
251      0.16106
250      0.158893
249      0.156596
248      0.154131
247      0.151646
246      0.149357
245      0.147149
244      0.145218
243      0.143458
242      0.14199
241      0.140816
240      0.140044
239      0.139704
238      0.13977
237      0.140364
236      0.14158
235      0.143554
234      0.145902
233      0.148824
232      0.152227
231      0.156108
230      0.160559
