1100    0.000437313
1099    0.000535778
1098    0.000515547
1097    0.000569613
1096    0.000555719
1095    0.000590025
1094    0.000663474
1093    0.000686405
1092    0.000678845
1091    0.000741443
1090    0.000809343
1089    0.000839181
1088    0.00086007
1087    0.000839798
1086    0.000808829
1085    0.000846563
1084    0.00083196
1083    0.000888254
1082    0.000870054
1081    0.00084466
1080    0.000881159
1079    0.000821963
1078    0.000874585
1077    0.000833412
1076    0.000861429
1075    0.000860314
1074    0.000869555
1073    0.00086158
1072    0.000854415
1071    0.000852445
1070    0.00083206
1069    0.000900096
1068    0.000866333
1067    0.000894914
1066    0.000868912
1065    0.000858697
1064    0.000860061
1063    0.000848272
1062    0.000837386
1061    0.000868042
1060    0.000864819
1059    0.000893335
1058    0.000858795
1057    0.000950629
1056    0.000885092
1055    0.000931772
1054    0.00083869
1053    0.000892062
1052    0.000840273
1051    0.000900465
1050    0.000830266
1049    0.000805034
1048    0.000818168
1047    0.000792965
1046    0.000830547
1045    0.000752301
1044    0.000846355
1043    0.000848158
1042    0.000842474
1041    0.000842704
1040    0.000861825
1039    0.000928025
1038    0.000917376
1037    0.000920169
1036    0.000899928
1035    0.000952336
1034    0.000994053
1033    0.000993001
1032    0.00102999
1031    0.00102954
1030    0.000973359
1029    0.00102845
1028    0.000991119
1027    0.00105113
1026    0.00101163
1025    0.0010328
1024    0.000959779
1023    0.000932549
1022    0.000941916
1021    0.000914607
1020    0.000935231
1019    0.000894195
1018    0.000865575
1017    0.000839392
1016    0.00081652
1015    0.000792375
1014    0.000761407
1013    0.000763063
1012    0.000765385
1011    0.000754323
1010    0.0007545
1009    0.000809213
1008    0.000821975
1007    0.000790283
1006    0.0007853
1005    0.00080526
1004    0.000801953
1003    0.000841093
1002    0.000828322
1001    0.000866895
1000    0.000905082
999     0.000890063
998     0.000866512
997     0.000876075
996     0.000910443
995     0.000885655
994     0.000911308
993     0.000875164
992     0.000907316
991     0.000882976
990     0.000914485
989     0.00090839
988     0.000951054
987     0.000882617
986     0.000938372
985     0.000918738
984     0.000924531
983     0.000936251
982     0.000902437
981     0.000926463
980     0.000931478
979     0.000963996
978     0.000920159
977     0.000940968
976     0.000927713
975     0.000937631
974     0.000974159
973     0.000967193
972     0.000942002
971     0.000999873
970     0.000997691
969     0.0010025
968     0.000970825
967     0.00101149
966     0.00100759
965     0.000983567
964     0.000967881
963     0.00100946
962     0.00100525
961     0.000994257
960     0.000986632
959     0.00103718
958     0.00100185
957     0.000980775
956     0.000980143
955     0.00100441
954     0.00102043
953     0.0010142
952     0.00103344
951     0.00100691
950     0.00100499
949     0.00099981
948     0.00101376
947     0.000967412
946     0.00103962
945     0.0010238
944     0.00104631
943     0.0010491
942     0.00106247
941     0.00103002
940     0.00105414
939     0.00105627
938     0.00109565
937     0.00107831
936     0.0011041
935     0.00109858
934     0.00109075
933     0.00108305
932     0.00110083
931     0.0010608
930     0.00107358
929     0.00109227
928     0.00108028
927     0.0010669
926     0.00103502
925     0.00105558
924     0.00107024
923     0.00105096
922     0.00104516
921     0.00109699
920     0.00107057
919     0.00108552
918     0.00106155
917     0.00109788
916     0.00111936
915     0.00110313
914     0.0011139
913     0.00112889
912     0.00113117
911     0.00111414
910     0.00111577
909     0.00115369
908     0.00114549
907     0.00118254
906     0.00116925
905     0.00120951
904     0.00120917
903     0.00122055
902     0.0012366
901     0.00127292
900     0.00126197
899     0.00127803
898     0.00128689
897     0.0013188
896     0.00135487
895     0.00134265
894     0.00136492
893     0.00133197
892     0.00136736
891     0.00136066
890     0.00136356
889     0.00135596
888     0.00132573
887     0.00129336
886     0.00127402
885     0.00124949
884     0.00119478
883     0.00116017
882     0.00112128
881     0.00109002
880     0.00107075
879     0.00100187
878     0.00100828
877     0.000971149
876     0.00103231
875     0.000952513
874     0.000954882
873     0.000901607
872     0.000974708
871     0.000928388
870     0.000990941
869     0.000990058
868     0.00102023
867     0.00103785
866     0.00104343
865     0.00112442
864     0.00110222
863     0.00118193
862     0.00118704
861     0.00122478
860     0.00124504
859     0.00125169
858     0.0012589
857     0.00127513
856     0.00126543
855     0.00126221
854     0.00127016
853     0.00126937
852     0.0012813
851     0.00127763
850     0.000636729
849     0.000826707
848     0.00107661
847     0.000868067
846     0.000792539
845     0.000667352
844     0.000564573
843     0.000609158
842     0.000606402
841     0.000670728
840     0.000583151
839     0.000497049
838     0.000583578
837     0.000679919
836     0.000757292
835     0.000697426
834     0.00069225
833     0.000610937
832     0.000662338
831     0.000696538
830     0.000788674
829     0.000827048
828     0.000859463
827     0.000831601
826     0.000723043
825     0.000666542
824     0.000666123
823     0.000703298
822     0.000722691
821     0.000769793
820     0.000713422
819     0.00075643
818     0.000757257
817     0.000696137
816     0.000696156
815     0.000686165
814     0.000792959
813     0.000857203
812     0.00087593
811     0.000839489
810     0.000775404
809     0.000783831
808     0.000773549
807     0.000791912
806     0.000786762
805     0.000763801
804     0.000718374
803     0.000687165
802     0.00066933
801     0.000736451
800     0.000778658
799     0.000826395
798     0.000851063
797     0.000884935
796     0.000879207
795     0.000834172
794     0.000819239
793     0.00084256
792     0.00086089
791     0.000854899
790     0.000864193
789     0.000816826
788     0.000792684
787     0.000817577
786     0.000827793
785     0.000856439
784     0.000876944
783     0.000903146
782     0.000897679
781     0.000918756
780     0.000900381
779     0.000884225
778     0.000909007
777     0.000899865
776     0.000941203
775     0.000945485
774     0.000885812
773     0.000870345
772     0.000897695
771     0.000896548
770     0.000953143
769     0.00103467
768     0.000993561
767     0.000953161
766     0.000968315
765     0.00103106
764     0.00104203
763     0.0010639
762     0.000964809
761     0.00102945
760     0.00096674
759     0.00100407
758     0.000968595
757     0.000998909
756     0.000977862
755     0.00104702
754     0.00102557
753     0.00105651
752     0.00103826
751     0.000970709
750     0.00102562
749     0.00106494
748     0.00110275
747     0.0010726
746     0.00105798
745     0.00108119
744     0.00107142
743     0.00108715
742     0.0010541
741     0.00105377
740     0.00106221
739     0.00102001
738     0.00104202
737     0.0010401
736     0.00108845
735     0.00111357
734     0.00112367
733     0.00114268
732     0.00110665
731     0.00113393
730     0.00112559
729     0.00115231
728     0.00116624
727     0.00114381
726     0.00115445
725     0.00116473
724     0.00120438
723     0.00120157
722     0.00119705
721     0.00116474
720     0.00114231
719     0.0011151
718     0.00109607
717     0.00107584
716     0.00106619
715     0.00109078
714     0.00116462
713     0.00125328
712     0.00121857
711     0.00121815
710     0.00122242
709     0.00120546
708     0.00120222
707     0.00117464
706     0.00120069
705     0.00112495
704     0.001128
703     0.00109559
702     0.00115443
701     0.00121075
700     0.00122465
699     0.00125602
698     0.00123868
697     0.00123463
696     0.00125143
695     0.00125061
694     0.00124755
693     0.00127679
692     0.00127753
691     0.00127301
690     0.00127043
689     0.0012812
688     0.00134121
687     0.00134417
686     0.001377
685     0.00138041
684     0.00137151
683     0.00135356
682     0.00137594
681     0.001363
680     0.00136877
679     0.00140493
678     0.00140281
677     0.00143426
676     0.00141525
675     0.00144384
674     0.0014477
673     0.00144223
672     0.00147623
671     0.00149302
670     0.0014361
669     0.0014211
668     0.0014362
667     0.00146712
666     0.00148676
665     0.00148363
664     0.00146389
663     0.00147326
662     0.00146907
661     0.00152092
660     0.00153113
659     0.00153237
658     0.00153289
657     0.00151017
656     0.00155312
655     0.00154453
654     0.00159629
653     0.00162805
652     0.00166153
651     0.00164543
650     0.00161463
649     0.00155622
648     0.0015926
647     0.00157025
646     0.00160232
645     0.00163205
644     0.00165578
643     0.00165369
642     0.00163628
641     0.0016507
640     0.00167527
639     0.00171318
638     0.00166596
637     0.00166481
636     0.00170127
635     0.00174475
634     0.00173229
633     0.00177298
632     0.0017441
631     0.00175064
630     0.00171322
629     0.00169261
628     0.00170327
627     0.00175339
626     0.00177292
625     0.00180348
624     0.00183368
623     0.00184785
622     0.0018167
621     0.00182779
620     0.00184162
619     0.00189153
618     0.00189648
617     0.00191157
616     0.00192834
615     0.00191994
614     0.00192918
613     0.00195396
612     0.00200544
611     0.00202607
610     0.00203574
609     0.00203654
608     0.00203163
607     0.00201981
606     0.00204747
605     0.00205355
604     0.00213669
603     0.00215845
602     0.00218873
601     0.00216822
600     0.0020775
599     0.00214324
598     0.00215059
597     0.00217969
596     0.00220403
595     0.00224392
594     0.00226331
593     0.00230158
592     0.00225576
591     0.00226132
590     0.00228828
589     0.00235691
588     0.00242844
587     0.00240789
586     0.00240734
585     0.00238144
584     0.00245634
583     0.00245048
582     0.00255711
581     0.00255206
580     0.00261234
579     0.00260413
578     0.00265236
577     0.00267083
576     0.00269652
575     0.00268797
574     0.00267648
573     0.00269795
572     0.00270499
571     0.00279773
570     0.00285239
569     0.002882
568     0.00288659
567     0.00293261
566     0.00296204
565     0.00300098
564     0.00304232
563     0.00308163
562     0.00313954
561     0.00317493
560     0.00320015
559     0.00322832
558     0.00330752
557     0.00334034
556     0.00337982
555     0.0033977
554     0.00346736
553     0.00354334
552     0.00361657
551     0.00366998
550     0.00367672
549     0.00371801
548     0.00377331
547     0.00381543
546     0.00390274
545     0.00395577
544     0.00402699
543     0.00410716
542     0.00417924
541     0.00421678
540     0.0043124
539     0.00441879
538     0.00451252
537     0.0045806
536     0.00465449
535     0.0047053
534     0.00479971
533     0.00494585
532     0.00504558
531     0.00512626
530     0.0052093
529     0.00532281
528     0.00544903
527     0.00553232
526     0.00564712
525     0.00573337
524     0.00581585
523     0.00598438
522     0.0060771
521     0.0062609
520     0.00636289
519     0.00647223
518     0.00660374
517     0.00671767
516     0.00685284
515     0.00701071
514     0.00718572
513     0.00733818
512     0.00747563
511     0.007643
510     0.00780401
509     0.00797791
508     0.00814968
507     0.00836902
506     0.00854489
505     0.00875752
504     0.00891807
503     0.00906174
502     0.00924274
501     0.00944378
500     0.00968543
499     0.00991073
498     0.0101267
497     0.0103279
496     0.0105359
495     0.0107493
494     0.0110434
493     0.0112635
492     0.0115477
491     0.0117929
490     0.0120609
489     0.0123142
488     0.0126075
487     0.0128678
486     0.0131364
485     0.0134449
484     0.0137319
483     0.0140727
482     0.0143682
481     0.0147104
480     0.0150427
479     0.0153646
478     0.015709
477     0.016017
476     0.0163291
475     0.016695
474     0.0170929
473     0.0174827
472     0.017812
471     0.0181762
470     0.0185076
469     0.0189224
468     0.0193426
467     0.0197538
466     0.0201596
465     0.0205768
464     0.0209842
463     0.0213875
462     0.0217832
461     0.0221836
460     0.0226524
459     0.0230936
458     0.0234823
457     0.023903
456     0.0243709
455     0.0248674
454     0.0253334
453     0.0257884
452     0.0262517
451     0.0267498
450     0.0272182
449     0.0277215
448     0.0282309
447     0.0287835
446     0.0292907
445     0.0297437
444     0.0302797
443     0.030821
442     0.031341
441     0.031851
440     0.0323591
439     0.032885
438     0.0333659
437     0.0338993
436     0.0344205
435     0.0349585
434     0.0354614
433     0.0360147
432     0.0365615
431     0.0371321
430     0.0376279
429     0.0381754
428     0.0386572
427     0.0391722
426     0.0396281
425     0.0401156
424     0.040603
423     0.0411165
422     0.0416154
421     0.0421697
420     0.0424662
419     0.0429336
418     0.0434785
417     0.0440241
416     0.0445694
415     0.0450227
414     0.0454317
413     0.0458566
412     0.0462708
411     0.046691
410     0.0471204
409     0.0475354
408     0.0479515
407     0.0484393
406     0.0488249
405     0.0490537
404     0.0493542
403     0.0496881
402     0.0500582
401     0.0504878
400     0.0507497
399     0.0510708
398     0.0513793
397     0.0516675
396     0.0518475
395     0.0519959
394     0.0521636
393     0.0523424
392     0.0524882
391     0.0527331
390     0.0529571
389     0.0531715
388     0.0533653
387     0.0535356
386     0.0536592
385     0.0536338
384     0.0536959
383     0.0536862
382     0.0537474
381     0.0537581
380     0.0537617
379     0.0537835
378     0.0537318
377     0.0537099
376     0.0535817
375     0.0535545
374     0.0534604
373     0.0534166
372     0.0532826
371     0.0532004
370     0.053026
369     0.0528141
368     0.0526614
367     0.0523475
366     0.0520909
365     0.0518219
364     0.0516759
363     0.0515337
362     0.0513184
361     0.0510801
360     0.050883
359     0.0506388
358     0.0504877
357     0.0501587
356     0.0498807
355     0.0495984
354     0.0496025
353     0.0493929
352     0.0492252
351     0.0490766
350     0.0491468
349     0.0492909
348     0.0493294
347     0.0494048
346     0.0496339
345     0.0499967
344     0.0503322
343     0.0506647
342     0.0513247
341     0.0522761
340     0.0537048
339     0.0550154
338     0.056384
337     0.0580748
336     0.0600351
335     0.0623178
334     0.0649547
333     0.0680218
332     0.071307
331     0.0747556
330     0.0786472
329     0.0828127
328     0.0872454
327     0.0917068
326     0.0963943
325     0.101337
324     0.106435
323     0.111631
322     0.116736
321     0.122043
320     0.12734
319     0.132749
318     0.138108
317     0.143475
316     0.148829
315     0.153937
314     0.159177
313     0.164276
312     0.169206
311     0.173987
310     0.178583
309     0.183011
308     0.187231
307     0.191236
306     0.195289
305     0.199004
304     0.202579
303     0.205792
302     0.208762
301     0.211497
300     0.214105
299     0.216479
298     0.218543
297     0.220316
296     0.221801
295     0.222868
294     0.223792
293     0.224512
292     0.224868
291     0.225086
290     0.225056
289     0.22496
288     0.224444
287     0.223802
286     0.223017
285     0.22178
284     0.22031
283     0.218572
282     0.216737
281     0.214598
280     0.212166
279     0.209521
278     0.206636
277     0.203477
276     0.200179
275     0.196602
274     0.192937
273     0.189008
272     0.184933
271     0.180793
270     0.176524
269     0.172278
268     0.168032
267     0.163758
266     0.159381
265     0.155044
264     0.150706
263     0.146454
262     0.142379
261     0.138558
260     0.135004
259     0.13182
258     0.128918
257     0.126404
256     0.12433
255     0.122587
254     0.121229
253     0.120194
252     0.11932
251     0.118641
250     0.118216
249     0.117946
248     0.117817
247     0.117836
246     0.117945
245     0.118342
244     0.118727
243     0.119281
242     0.120029
241     0.120982
240     0.121996
239     0.123198
238     0.124705
237     0.126704
236     0.129116
235     0.132098
234     0.135698
233     0.140146
232     0.145429
231     0.152139
230     0.16049
229     0.170512
228     0.183324
227     0.198432
226     0.21213
225     0.220556
224     0.221123
223     0.230693
222     0.239945
221     0.248283
220     0.255274
219     0.263286
218     0.273102
217     0.274948
216     0.275732
215     0.268599
214     0.274622
213     0.277521
212     0.278347
211     0.273463
210     0.26637
209     0.262006
208     0.2596
207     0.259148
206     0.251072
205     0.248186
204     0.23395
203     0.22557
202     0.21531
201     0.207779
200     0.201574
