1100      -0.000410591
1099      -0.000333043
1098      -0.000346639
1097      -0.000318572
1096      -0.00039472
1095      -0.000343678
1094      -0.000342093
1093      -0.000299719
1092      -0.000356519
1091      -0.000308897
1090      -0.000266045
1089      -0.000241349
1088      -0.000276652
1087      -0.000248827
1086      -0.000292963
1085      -0.000224887
1084      -0.000242143
1083      -0.000204827
1082      -0.000231645
1081      -0.00022563
1080      -0.000201623
1079      -0.000278912
1078      -0.000217989
1077      -0.000242533
1076      -0.000245149
1075      -0.000262387
1074      -0.000265634
1073      -0.000265562
1072      -0.000271507
1071      -0.000238283
1070      -0.000283467
1069      -0.000272767
1068      -0.000292788
1067      -0.000280952
1066      -0.000244299
1065      -0.000260079
1064      -0.000234248
1063      -0.00024772
1062      -0.000221385
1061      -0.000208369
1060      -0.00018159
1059      -0.000204761
1058      -0.000166005
1057      -0.000121915
1056      -0.000148809
1055      -0.000148886
1054      -0.000194455
1053      -0.000165874
1052      -0.000215892
1051      -0.000158639
1050      -0.000195919
1049      -0.000218889
1048      -0.000200531
1047      -0.000186216
1046      -0.000160109
1045      -0.000160512
1044      -0.000142663
1043      -0.000132184
1042      -0.000132422
1041      -0.000131841
1040      -0.000143666
1039      -9.06E-05
1038      -0.000152583
1037      -0.000148647
1036      -0.000176852
1035      -0.000175738
1034      -0.000123573
1033      -0.000139824
1032      -5.78E-05
1031      -9.37E-05
1030      -0.000154161
1029      -9.53E-05
1028      -0.000122041
1027      -4.57E-05
1026      -0.000145105
1025      -8.58E-05
1024      -0.000129404
1023      -0.000138887
1022      -0.000142596
1021      -0.000170901
1020      -0.000122645
1019      -0.000171616
1018      -0.000154013
1017      -0.000135435
1016      -0.000173938
1015      -0.000184737
1014      -0.000211923
1013      -0.000176071
1012      -0.000210384
1011      -0.000224205
1010      -0.000251075
1009      -0.000218663
1008      -0.000258309
1007      -0.000200971
1006      -0.00021484
1005      -0.000202769
1004      -0.000185948
1003      -0.000163846
1002      -0.000179638
1001      -0.0002107
1000      -0.000206993
999       -0.00018112
998       -0.000195992
997       -0.000204218
996       -0.000159562
995       -0.000167701
994       -0.000151523
993       -0.000190609
992       -0.000209414
991       -0.00018472
990       -0.000187578
989       -0.000191695
988       -0.000153864
987       -0.00022598
986       -0.000161475
985       -0.000185599
984       -0.00017627
983       -0.00021633
982       -0.000234552
981       -0.000260058
980       -0.000228259
979       -0.000197885
978       -0.000192323
977       -0.000198262
976       -0.000196224
975       -0.000241112
974       -0.000177922
973       -0.000202308
972       -0.000226659
971       -0.000258125
970       -0.000172578
969       -0.000216014
968       -0.000202527
967       -0.00021383
966       -0.000188238
965       -0.000225954
964       -0.000222002
963       -0.000215055
962       -0.000205303
961       -0.000226102
960       -0.000227177
959       -0.00016087
958       -0.000182578
957       -0.000159653
956       -0.000174724
955       -0.000195925
954       -0.000174287
953       -0.000185978
952       -0.000172442
951       -0.000159168
950       -0.000204826
949       -0.000172471
948       -0.000219568
947       -0.000228398
946       -0.000197547
945       -0.000198418
944       -0.000204229
943       -0.00016848
942       -0.000182969
941       -0.000178221
940       -0.000192347
939       -0.000177658
938       -0.000177347
937       -0.000167031
936       -0.000182697
935       -0.000179921
934       -0.000206393
933       -0.000216346
932       -0.000226515
931       -0.000230177
930       -0.000244015
929       -0.000255776
928       -0.000237273
927       -0.000225455
926       -0.000228372
925       -0.000219818
924       -0.000200282
923       -0.000248208
922       -0.0002574
921       -0.000260018
920       -0.0002624
919       -0.000232619
918       -0.000250484
917       -0.000229064
916       -0.000233344
915       -0.000238607
914       -0.000224249
913       -0.000193088
912       -0.000226922
911       -0.000249161
910       -0.000255093
909       -0.000235897
908       -0.000245052
907       -0.00021536
906       -0.00024546
905       -0.000243157
904       -0.000245421
903       -0.000235239
902       -0.000275558
901       -0.000223212
900       -0.000261007
899       -0.000227415
898       -0.000245461
897       -0.000246981
896       -0.000256717
895       -0.000248533
894       -0.00021661
893       -0.000223242
892       -0.000229175
891       -0.000242941
890       -0.000206102
889       -0.000190736
888       -0.000223429
887       -0.00022802
886       -0.000243751
885       -0.000254529
884       -0.000313139
883       -0.000273421
882       -0.00027928
881       -0.000292359
880       -0.000295666
879       -0.000322939
878       -0.00031604
877       -0.000320784
876       -0.000322825
875       -0.000370515
874       -0.000357117
873       -0.000360633
872       -0.000345816
871       -0.000362274
870       -0.000328935
869       -0.000323399
868       -0.000330965
867       -0.000320872
866       -0.000334645
865       -0.000277259
864       -0.000301209
863       -0.000242697
862       -0.000300782
861       -0.000252697
860       -0.000267277
859       -0.000249539
858       -0.000292263
857       -0.000267155
856       -0.000255463
855       -0.00023365
854       -0.000276877
853       -0.000237735
852       -0.000248814
851       -0.000240407
850       -0.000758719
849       -0.000699546
848       -0.000582849
847       -0.000778388
846       -0.00087121
845       -0.000856973
844       -0.000793562
843       -0.000789184
842       -0.000797994
841       -0.000773396
840       -0.000842285
839       -0.00085522
838       -0.000884389
837       -0.000810313
836       -0.000660591
835       -0.000684984
834       -0.000748598
833       -0.000791278
832       -0.000777339
831       -0.00067148
830       -0.000696751
829       -0.000700102
828       -0.000751337
827       -0.000777312
826       -0.000852932
825       -0.000819201
824       -0.000784282
823       -0.000725536
822       -0.000715328
821       -0.00071658
820       -0.000700553
819       -0.000656285
818       -0.000659008
817       -0.000775153
816       -0.000848846
815       -0.000861376
814       -0.000738277
813       -0.000659588
812       -0.000640127
811       -0.000703761
810       -0.000747892
809       -0.000804743
808       -0.000752993
807       -0.000708612
806       -0.000750453
805       -0.000783642
804       -0.000818045
803       -0.000794323
802       -0.000839597
801       -0.000828592
800       -0.000828939
799       -0.000799545
798       -0.000727001
797       -0.00068328
796       -0.000706843
795       -0.000742327
794       -0.000807851
793       -0.000769107
792       -0.000742328
791       -0.000771049
790       -0.000781506
789       -0.000791839
788       -0.000799967
787       -0.000802631
786       -0.000818033
785       -0.000812779
784       -0.000819991
783       -0.000912115
782       -0.000888972
781       -0.00086025
780       -0.00077433
779       -0.00079274
778       -0.000824297
777       -0.000809282
776       -0.000822918
775       -0.000773264
774       -0.000844858
773       -0.000868689
772       -0.000851217
771       -0.000827075
770       -0.000793262
769       -0.000758153
768       -0.00082112
767       -0.000878386
766       -0.000871821
765       -0.000837473
764       -0.000812205
763       -0.000776361
762       -0.000845949
761       -0.000783763
760       -0.000867141
759       -0.000856332
758       -0.00087617
757       -0.000828093
756       -0.000840347
755       -0.000817485
754       -0.000842593
753       -0.000817039
752       -0.000858839
751       -0.000932846
750       -0.000922446
749       -0.000840655
748       -0.000827626
747       -0.000858899
746       -0.000917225
745       -0.000839091
744       -0.000840972
743       -0.000798065
742       -0.000865
741       -0.000884873
740       -0.000879505
739       -0.00091818
738       -0.00093111
737       -0.000869722
736       -0.00083188
735       -0.000826824
734       -0.000905557
733       -0.000936707
732       -0.000935597
731       -0.000941834
730       -0.000897007
729       -0.000906224
728       -0.000898298
727       -0.000946763
726       -0.000913379
725       -0.000897964
724       -0.000859258
723       -0.0008487
722       -0.000871861
721       -0.000910312
720       -0.000936125
719       -0.000937127
718       -0.000908946
717       -0.00093357
716       -0.000976543
715       -0.000975204
714       -0.000917687
713       -0.000899918
712       -0.000926058
711       -0.000912891
710       -0.000903374
709       -0.000890258
708       -0.000931722
707       -0.000930457
706       -0.000885534
705       -0.000896786
704       -0.000917849
703       -0.000946449
702       -0.000946237
701       -0.000919286
700       -0.000950808
699       -0.000948586
698       -0.000993474
697       -0.00095854
696       -0.000916342
695       -0.000946581
694       -0.000935083
693       -0.000951037
692       -0.000939319
691       -0.000985515
690       -0.00101122
689       -0.00102801
688       -0.000977153
687       -0.000972458
686       -0.000948315
685       -0.00093746
684       -0.000970595
683       -0.000951228
682       -0.000948981
681       -0.000941207
680       -0.000937951
679       -0.000932617
678       -0.000933265
677       -0.000927032
676       -0.000958609
675       -0.00100041
674       -0.00103615
673       -0.00108093
672       -0.00104098
671       -0.00103419
670       -0.00103908
669       -0.00100548
668       -0.000967154
667       -0.00094698
666       -0.000932006
665       -0.00098976
664       -0.0010528
663       -0.00104256
662       -0.00103419
661       -0.000983307
660       -0.000974439
659       -0.000988729
658       -0.00100231
657       -0.000999093
656       -0.00100441
655       -0.00101126
654       -0.00101271
653       -0.00100505
652       -0.000988119
651       -0.000967576
650       -0.000963681
649       -0.000991351
648       -0.000998062
647       -0.00105091
646       -0.0010504
645       -0.00101254
644       -0.000959552
643       -0.000971773
642       -0.000950312
641       -0.000992778
640       -0.000976167
639       -0.000946423
638       -0.000996667
637       -0.00101928
636       -0.00104139
635       -0.00101087
634       -0.000988139
633       -0.000926556
632       -0.000925387
631       -0.000955423
630       -0.000987505
629       -0.000983054
628       -0.000974774
627       -0.000953
626       -0.000941716
625       -0.000914516
624       -0.000876811
623       -0.00082036
622       -0.000876134
621       -0.000894881
620       -0.000866206
619       -0.000835697
618       -0.000824362
617       -0.000795228
616       -0.000807072
615       -0.000765209
614       -0.000748339
613       -0.00071688
612       -0.00068667
611       -0.000680532
610       -0.00068505
609       -0.00070353
608       -0.000716907
607       -0.000691918
606       -0.000687931
605       -0.000667622
604       -0.000628598
603       -0.000618867
602       -0.000611323
601       -0.000657344
600       -0.000691393
599       -0.000675633
598       -0.00068607
597       -0.000700537
596       -0.000683265
595       -0.000665804
594       -0.000626735
593       -0.000621255
592       -0.000623296
591       -0.000652903
590       -0.000661552
589       -0.00066823
588       -0.000679872
587       -0.00067786
586       -0.000714137
585       -0.000691226
584       -0.000665047
583       -0.000662777
582       -0.000581959
581       -0.000577642
580       -0.000540656
579       -0.000550182
578       -0.000534111
577       -0.000517253
576       -0.000498376
575       -0.000495641
574       -0.000518102
573       -0.000495205
572       -0.000504797
571       -0.00045265
570       -0.00043824
569       -0.000389351
568       -0.000369101
567       -0.000327926
566       -0.000316126
565       -0.000328055
564       -0.000277388
563       -0.000257199
562       -0.000218579
561       -0.000201269
560       -0.000204593
559       -0.000159076
558       -0.000103412
557       -6.23E-05
556       -6.51E-05
555       -6.40E-05
554       -3.65E-05
553       5.60E-06
552       2.92E-05
551       9.59E-05
550       0.000121424
549       0.000220467
548       0.000277687
547       0.000301305
546       0.000351131
545       0.000406899
544       0.000482505
543       0.000480306
542       0.000545776
541       0.000560767
540       0.000637271
539       0.000694085
538       0.000760596
537       0.000838259
536       0.000900782
535       0.000967812
534       0.00104368
533       0.00115369
532       0.00121513
531       0.00130448
530       0.00133722
529       0.001439
528       0.00150827
527       0.00160967
526       0.0016958
525       0.00178432
524       0.00187304
523       0.00200778
522       0.00208325
521       0.00222355
520       0.00231944
519       0.00240191
518       0.00252934
517       0.00258552
516       0.00270504
515       0.00289418
514       0.00308159
513       0.0031976
512       0.00333739
511       0.00346087
510       0.00363457
509       0.00374416
508       0.00394363
507       0.00413353
506       0.00427776
505       0.00441044
504       0.00453564
503       0.00471915
502       0.00488146
501       0.0050875
500       0.00528338
499       0.00552744
498       0.00569533
497       0.00589865
496       0.00610389
495       0.00630369
494       0.00657489
493       0.00679407
492       0.00706058
491       0.0072724
490       0.00748734
489       0.00773111
488       0.00802129
487       0.00832036
486       0.00859401
485       0.00885173
484       0.00910117
483       0.0093909
482       0.00966478
481       0.00998476
480       0.0102873
479       0.0105838
478       0.0109277
477       0.0112513
476       0.0115548
475       0.0119225
474       0.0122577
473       0.0126039
472       0.0129212
471       0.0133162
470       0.0136325
469       0.0140235
468       0.0143591
467       0.0147952
466       0.01517
465       0.0155896
464       0.0159849
463       0.0163879
462       0.0167806
461       0.0171735
460       0.017632
459       0.018068
458       0.0185429
457       0.018946
456       0.0194033
455       0.0198785
454       0.0203262
453       0.0207663
452       0.0211781
451       0.0216621
450       0.0221365
449       0.0226141
448       0.0230755
447       0.0235796
446       0.0240565
445       0.0245497
444       0.025017
443       0.0255687
442       0.0261165
441       0.0266829
440       0.0272034
439       0.0277051
438       0.0281862
437       0.0286956
436       0.0292355
435       0.0297296
434       0.0302382
433       0.0307056
432       0.0312635
431       0.0317782
430       0.0323267
429       0.0328553
428       0.0333405
427       0.0338719
426       0.0343383
425       0.0347719
424       0.035278
423       0.0357869
422       0.0362771
421       0.0368086
420       0.0372918
419       0.0377434
418       0.0382521
417       0.0387296
416       0.0392581
415       0.0397387
414       0.0401675
413       0.0406281
412       0.0410318
411       0.0414486
410       0.0418163
409       0.0422005
408       0.0427356
407       0.0431518
406       0.0435461
405       0.0437952
404       0.0441376
403       0.044444
402       0.0447633
401       0.0451534
400       0.0454596
399       0.0457633
398       0.0460557
397       0.0463464
396       0.0465327
395       0.0467634
394       0.0469732
393       0.047139
392       0.0473444
391       0.0474975
390       0.0477494
389       0.0479527
388       0.0481245
387       0.048203
386       0.0482767
385       0.0483168
384       0.0483848
383       0.0483771
382       0.0483612
381       0.048375
380       0.0483592
379       0.0483444
378       0.0483206
377       0.0482526
376       0.0481409
375       0.0480103
374       0.0478811
373       0.047865
372       0.0477533
371       0.0476565
370       0.0476441
369       0.0474062
368       0.0471146
367       0.0467965
366       0.0465233
365       0.0462812
364       0.0460462
363       0.0458268
362       0.0456013
361       0.0454006
360       0.0451829
359       0.0449559
358       0.0446392
357       0.0443526
356       0.044002
355       0.0436689
354       0.0434841
353       0.0432106
352       0.0431165
351       0.0429936
350       0.043035
349       0.0430182
348       0.0430603
347       0.0430782
346       0.0432078
345       0.0434965
344       0.0437141
343       0.0441617
342       0.0447231
341       0.0456096
340       0.0463034
339       0.047586
338       0.0490112
337       0.0507612
336       0.0527249
335       0.0549113
334       0.0573685
333       0.0601797
332       0.0633725
331       0.0668644
330       0.0706146
329       0.0746239
328       0.0788733
327       0.0833552
326       0.0880509
325       0.0929586
324       0.0978764
323       0.103086
322       0.108257
321       0.113618
320       0.118857
319       0.124151
318       0.12942
317       0.134801
316       0.140298
315       0.145513
314       0.15077
313       0.15579
312       0.160829
311       0.165673
310       0.170451
309       0.174963
308       0.179369
307       0.183418
306       0.187428
305       0.191084
304       0.194802
303       0.198186
302       0.201344
301       0.204177
300       0.206911
299       0.209404
298       0.211648
297       0.213581
296       0.215303
295       0.21664
294       0.217776
293       0.21873
292       0.219408
291       0.219983
290       0.220201
289       0.220309
288       0.220118
287       0.219904
286       0.219433
285       0.218699
284       0.21763
283       0.216448
282       0.215074
281       0.213465
280       0.211719
279       0.20971
278       0.207464
277       0.204948
276       0.20214
275       0.199202
274       0.196014
273       0.192763
272       0.1892
271       0.185496
270       0.181722
269       0.178051
268       0.174383
267       0.170695
266       0.167006
265       0.163371
264       0.159822
263       0.156319
262       0.153123
261       0.150259
260       0.148017
259       0.146266
258       0.144871
257       0.143933
256       0.143306
255       0.143239
254       0.143621
253       0.144464
252       0.145461
251       0.146671
250       0.148082
249       0.149864
248       0.151612
247       0.153555
246       0.155482
245       0.157679
244       0.159823
243       0.161934
242       0.164127
241       0.166272
240       0.168464
239       0.170597
238       0.173
237       0.175576
236       0.178273
235       0.181296
234       0.18489
233       0.189208
232       0.194135
231       0.20018
230       0.207455
229       0.21671
228       0.227743
227       0.241305
226       0.255383
225       0.26744
224       0.273559
223       0.27932
222       0.291716
221       0.304361
220       0.311412
219       0.319462
218       0.322619
217       0.337945
216       0.341089
215       0.33976
214       0.341828
213       0.345773
212       0.343596
211       0.336558
210       0.32485
209       0.322028
208       0.315853
207       0.314297
206       0.298212
205       0.28613
204       0.270762
203       0.261395
202       0.249318
201       0.246093
200       0.232731
