1100   -0.00153038
1099   -0.00150455
1098   -0.00155617
1097   -0.00151992
1096   -0.00152366
1095   -0.00146077
1094   -0.00153557
1093   -0.0015094
1092   -0.00155533
1091   -0.00152971
1090   -0.00154335
1089   -0.00150856
1088   -0.00153511
1087   -0.00153407
1086   -0.00156443
1085   -0.00155958
1084   -0.00157272
1083   -0.00152719
1082   -0.0015622
1081   -0.00155823
1080   -0.00155524
1079   -0.00158764
1078   -0.00159377
1077   -0.00158678
1076   -0.00157458
1075   -0.00155403
1074   -0.00159473
1073   -0.00155534
1072   -0.00156636
1071   -0.00160381
1070   -0.00156203
1069   -0.00160552
1068   -0.00158631
1067   -0.0016342
1066   -0.00161831
1065   -0.00162839
1064   -0.00162708
1063   -0.0016573
1062   -0.00164417
1061   -0.00164539
1060   -0.00159481
1059   -0.00164244
1058   -0.00166371
1057   -0.00163991
1056   -0.0016656
1055   -0.00161829
1054   -0.00164111
1053   -0.0016331
1052   -0.001617
1051   -0.00163499
1050   -0.00159608
1049   -0.00156946
1048   -0.00160218
1047   -0.00158758
1046   -0.00159834
1045   -0.00156236
1044   -0.00160402
1043   -0.00156277
1042   -0.00157316
1041   -0.00153546
1040   -0.00157455
1039   -0.00157745
1038   -0.0015869
1037   -0.00159721
1036   -0.00161534
1035   -0.00160796
1034   -0.00159779
1033   -0.00160684
1032   -0.00162235
1031   -0.0015908
1030   -0.00166634
1029   -0.00162797
1028   -0.00169218
1027   -0.00165168
1026   -0.00169852
1025   -0.00170414
1024   -0.00171118
1023   -0.00170666
1022   -0.00171766
1021   -0.00172398
1020   -0.00172424
1019   -0.00173309
1018   -0.00173405
1017   -0.00173825
1016   -0.0017235
1015   -0.00175421
1014   -0.00176856
1013   -0.00172623
1012   -0.00171976
1011   -0.00172064
1010   -0.00173145
1009   -0.00171244
1008   -0.00168778
1007   -0.00168701
1006   -0.00167548
1005   -0.0016418
1004   -0.00167287
1003   -0.00162138
1002   -0.00160581
1001   -0.0016246
1000   -0.0016149
999    -0.00159252
998    -0.00161308
997    -0.00161961
996    -0.00162605
995    -0.00158308
994    -0.0016265
993    -0.00162155
992    -0.00163046
991    -0.00163994
990    -0.00162399
989    -0.00160937
988    -0.00163289
987    -0.00157965
986    -0.00160998
985    -0.00163466
984    -0.00164825
983    -0.00160145
982    -0.0016374
981    -0.00165613
980    -0.00163936
979    -0.0016396
978    -0.00162657
977    -0.00163487
976    -0.00160057
975    -0.00159725
974    -0.00156595
973    -0.00158376
972    -0.00155786
971    -0.00160688
970    -0.00159057
969    -0.00160816
968    -0.0016098
967    -0.00163004
966    -0.00161448
965    -0.00160509
964    -0.00161303
963    -0.00158598
962    -0.00160347
961    -0.00161236
960    -0.00162581
959    -0.00163026
958    -0.00159392
957    -0.00159609
956    -0.00157278
955    -0.00160012
954    -0.00161096
953    -0.00163713
952    -0.00163245
951    -0.0016132
950    -0.00161562
949    -0.00160015
948    -0.00159314
947    -0.00159281
946    -0.00162005
945    -0.00162625
944    -0.00161014
943    -0.00162065
942    -0.00162828
941    -0.00162087
940    -0.00159566
939    -0.00160803
938    -0.00159147
937    -0.0015838
936    -0.00156932
935    -0.00158238
934    -0.0015852
933    -0.00163244
932    -0.00161433
931    -0.00161744
930    -0.00161271
929    -0.00165883
928    -0.00164446
927    -0.00159759
926    -0.00159807
925    -0.00158969
924    -0.00160501
923    -0.00160806
922    -0.00161436
921    -0.00164899
920    -0.00163413
919    -0.00165687
918    -0.00166419
917    -0.00167814
916    -0.00167746
915    -0.00168387
914    -0.00170287
913    -0.00171828
912    -0.00168618
911    -0.0016958
910    -0.00172047
909    -0.00178148
908    -0.00177042
907    -0.00174877
906    -0.00174849
905    -0.00173915
904    -0.00171902
903    -0.00173609
902    -0.0017612
901    -0.00173569
900    -0.00168129
899    -0.00168454
898    -0.00168336
897    -0.00167437
896    -0.00165665
895    -0.00162096
894    -0.00159679
893    -0.00162494
892    -0.00161699
891    -0.00159549
890    -0.00155544
889    -0.00156532
888    -0.00154921
887    -0.0015549
886    -0.00159884
885    -0.00160278
884    -0.00163316
883    -0.00163146
882    -0.00168583
881    -0.00166693
880    -0.00167248
879    -0.00165752
878    -0.00166795
877    -0.00167845
876    -0.00166417
875    -0.00164858
874    -0.00164659
873    -0.00163474
872    -0.00163402
871    -0.00163231
870    -0.0016302
869    -0.00165194
868    -0.00166373
867    -0.00168665
866    -0.00165649
865    -0.0016474
864    -0.00165556
863    -0.00163805
862    -0.00165884
861    -0.00165233
860    -0.00165508
859    -0.00166891
858    -0.00166013
857    -0.00163784
856    -0.00164097
855    -0.00161419
854    -0.00167225
853    -0.0016549
852    -0.00167822
851    -0.00164105
850    -0.00351677
849    -0.0035944
848    -0.00365819
847    -0.00369486
846    -0.00352544
845    -0.00348565
844    -0.00354027
843    -0.00359617
842    -0.00365845
841    -0.00349711
840    -0.0034582
839    -0.00343492
838    -0.00354991
837    -0.00350995
836    -0.00339316
835    -0.00337312
834    -0.00331764
833    -0.00334977
832    -0.00341359
831    -0.00344381
830    -0.00348674
829    -0.00338867
828    -0.00330683
827    -0.00337093
826    -0.00346745
825    -0.0035454
824    -0.00352628
823    -0.00349663
822    -0.00344738
821    -0.00345668
820    -0.00353049
819    -0.00352901
818    -0.00354569
817    -0.00358781
816    -0.00358663
815    -0.00354166
814    -0.00352847
813    -0.00353595
812    -0.00348626
811    -0.00351209
810    -0.00336757
809    -0.00337684
808    -0.00340096
807    -0.00346869
806    -0.00350715
805    -0.0035139
804    -0.00350325
803    -0.00348762
802    -0.00346359
801    -0.00345053
800    -0.00354831
799    -0.00360021
798    -0.00360971
797    -0.00356327
796    -0.00353237
795    -0.00359512
794    -0.00354303
793    -0.00357206
792    -0.00357749
791    -0.00362674
790    -0.0037007
789    -0.00366526
788    -0.00369214
787    -0.00369154
786    -0.00375753
785    -0.00371354
784    -0.00373135
783    -0.00372931
782    -0.00377126
781    -0.00375871
780    -0.00375079
779    -0.0037288
778    -0.0038077
777    -0.00383156
776    -0.00385087
775    -0.00378147
774    -0.00372146
773    -0.00366068
772    -0.00366853
771    -0.00367778
770    -0.00373685
769    -0.00379398
768    -0.0038506
767    -0.0038256
766    -0.00384247
765    -0.00387414
764    -0.00386906
763    -0.00382574
762    -0.00376455
761    -0.00376303
760    -0.00371531
759    -0.00372042
758    -0.00368907
757    -0.00369424
756    -0.00372545
755    -0.0037449
754    -0.00377406
753    -0.00375515
752    -0.00376218
751    -0.00383713
750    -0.00387588
749    -0.00391137
748    -0.00389914
747    -0.00384324
746    -0.00380356
745    -0.00379437
744    -0.00380156
743    -0.00389155
742    -0.00392349
741    -0.00391485
740    -0.00393522
739    -0.00394488
738    -0.00394952
737    -0.00390498
736    -0.00392331
735    -0.00394686
734    -0.00399721
733    -0.0040507
732    -0.00399549
731    -0.00394069
730    -0.00392723
729    -0.00400906
728    -0.00409047
727    -0.00411795
726    -0.00408769
725    -0.00412096
724    -0.00415989
723    -0.00419413
722    -0.00418812
721    -0.00414787
720    -0.00416288
719    -0.00417553
718    -0.00422129
717    -0.00420898
716    -0.00421956
715    -0.0041913
714    -0.00415937
713    -0.00416878
712    -0.00419504
711    -0.00419872
710    -0.00419704
709    -0.00420842
708    -0.0042341
707    -0.00423898
706    -0.00425268
705    -0.00424945
704    -0.00424446
703    -0.00425383
702    -0.00425527
701    -0.0042907
700    -0.00429634
699    -0.0042424
698    -0.00428381
697    -0.00431408
696    -0.00430847
695    -0.00432935
694    -0.00433347
693    -0.00433504
692    -0.00432761
691    -0.00430628
690    -0.00431992
689    -0.00432773
688    -0.00432082
687    -0.00434596
686    -0.00435412
685    -0.00439874
684    -0.00440687
683    -0.0044299
682    -0.00441285
681    -0.00443408
680    -0.00446483
679    -0.00447335
678    -0.00446045
677    -0.00442337
676    -0.00442793
675    -0.00440692
674    -0.00443093
673    -0.00443427
672    -0.00445248
671    -0.00447806
670    -0.00450289
669    -0.00453243
668    -0.00452284
667    -0.00453616
666    -0.00452739
665    -0.00453
664    -0.00453087
663    -0.00448423
662    -0.00450255
661    -0.00448094
660    -0.0045169
659    -0.00455291
658    -0.00452911
657    -0.00455069
656    -0.00452719
655    -0.00455634
654    -0.00452146
653    -0.00458038
652    -0.00459091
651    -0.00464978
650    -0.00461579
649    -0.00458738
648    -0.0045969
647    -0.00461937
646    -0.00466553
645    -0.00463879
644    -0.00462489
643    -0.0046247
642    -0.00464235
641    -0.00465415
640    -0.00463981
639    -0.00465122
638    -0.00465066
637    -0.00462081
636    -0.00464084
635    -0.00467168
634    -0.00470009
633    -0.00471632
632    -0.00469174
631    -0.00468983
630    -0.00470182
629    -0.00470099
628    -0.0047502
627    -0.00475488
626    -0.00471316
625    -0.00470708
624    -0.00470645
623    -0.00472267
622    -0.00472709
621    -0.00473944
620    -0.00475101
619    -0.00479866
618    -0.00483312
617    -0.00485956
616    -0.00485493
615    -0.00483934
614    -0.00488028
613    -0.00483874
612    -0.00487495
611    -0.00485151
610    -0.00488519
609    -0.0048519
608    -0.0048552
607    -0.00485954
606    -0.00491081
605    -0.00491866
604    -0.00491186
603    -0.00488626
602    -0.00491865
601    -0.00485906
600    -0.00490976
599    -0.00492885
598    -0.00492817
597    -0.00491061
596    -0.00489465
595    -0.00491282
594    -0.00497365
593    -0.00497835
592    -0.005001
591    -0.0049774
590    -0.00498133
589    -0.00497541
588    -0.00496983
587    -0.00494736
586    -0.00494174
585    -0.00497543
584    -0.00498657
583    -0.00501087
582    -0.00502068
581    -0.00503738
580    -0.00506117
579    -0.00507792
578    -0.00506748
577    -0.00503781
576    -0.00504114
575    -0.00503212
574    -0.00509637
573    -0.00506576
572    -0.00510038
571    -0.00512344
570    -0.00514021
569    -0.00510509
568    -0.0051221
567    -0.00508916
566    -0.00512484
565    -0.00508525
564    -0.00511833
563    -0.00515024
562    -0.00516362
561    -0.0051778
560    -0.00521044
559    -0.00522237
558    -0.00521673
557    -0.00521004
556    -0.00521503
555    -0.00522397
554    -0.00524912
553    -0.00524847
552    -0.00523418
551    -0.00521478
550    -0.00521745
549    -0.00519091
548    -0.00523442
547    -0.00524102
546    -0.00529226
545    -0.00528475
544    -0.00528311
543    -0.00525056
542    -0.00526066
541    -0.00528288
540    -0.00528954
539    -0.00527576
538    -0.005294
537    -0.0052849
536    -0.00528479
535    -0.00527335
534    -0.00527906
533    -0.00527896
532    -0.00530694
531    -0.00533544
530    -0.00535344
529    -0.00539525
528    -0.00540485
527    -0.00541288
526    -0.00538506
525    -0.00536565
524    -0.00539948
523    -0.00543055
522    -0.00544057
521    -0.00539602
520    -0.00540074
519    -0.00540251
518    -0.00545642
517    -0.00547728
516    -0.00547693
515    -0.00544337
514    -0.00541088
513    -0.00539965
512    -0.00544588
511    -0.00548787
510    -0.00548733
509    -0.00547898
508    -0.005486
507    -0.00555222
506    -0.00557321
505    -0.00555636
504    -0.00550861
503    -0.00552981
502    -0.00553123
501    -0.00556967
500    -0.00554304
499    -0.00556398
498    -0.00554409
497    -0.00552684
496    -0.00552025
495    -0.00548788
494    -0.00554081
493    -0.00553782
492    -0.00555587
491    -0.00551805
490    -0.00550762
489    -0.00553058
488    -0.00555378
487    -0.00557213
486    -0.00559385
485    -0.00562967
484    -0.00564972
483    -0.00558819
482    -0.00551014
481    -0.00552204
480    -0.00555038
479    -0.00559591
478    -0.00561154
477    -0.00555651
476    -0.00555278
475    -0.00553341
474    -0.00553587
473    -0.00551031
472    -0.00550035
471    -0.00551327
470    -0.00551234
469    -0.00552123
468    -0.00551901
467    -0.0055095
466    -0.00554442
465    -0.00551612
464    -0.00552376
463    -0.00551227
462    -0.00550129
461    -0.00550126
460    -0.00547886
459    -0.00548518
458    -0.00545161
457    -0.00547959
456    -0.00544686
455    -0.00541804
454    -0.00542457
453    -0.0054059
452    -0.00540396
451    -0.00532898
450    -0.0053334
449    -0.00529798
448    -0.00534675
447    -0.00533906
446    -0.00534029
445    -0.00528805
444    -0.00528308
443    -0.00532827
442    -0.00532296
441    -0.00532555
440    -0.00532144
439    -0.00534455
438    -0.00533382
437    -0.00530237
436    -0.00520764
435    -0.00518966
434    -0.00518117
433    -0.00521746
432    -0.0052437
431    -0.00528012
430    -0.00527559
429    -0.00527707
428    -0.00522983
427    -0.00517845
426    -0.00517289
425    -0.0051891
424    -0.005166
423    -0.00522039
422    -0.00521039
421    -0.00520293
420    -0.00519496
419    -0.0051656
418    -0.00515632
417    -0.00512878
416    -0.00511913
415    -0.00515741
414    -0.0051664
413    -0.00524574
412    -0.00523683
411    -0.00520714
410    -0.0052104
409    -0.00520921
408    -0.00527189
407    -0.00526132
406    -0.0051892
405    -0.00519593
404    -0.00518376
403    -0.00517104
402    -0.00518002
401    -0.00508277
400    -0.00501799
399    -0.00504573
398    -0.00501527
397    -0.00502031
396    -0.00497807
395    -0.0049633
394    -0.00502628
393    -0.00505276
392    -0.00504092
391    -0.00497134
390    -0.00483904
389    -0.00482939
388    -0.00478579
387    -0.00473617
386    -0.00463472
385    -0.0045491
384    -0.00452146
383    -0.00449557
382    -0.00447236
381    -0.00440197
380    -0.00432358
379    -0.00424467
378    -0.00427145
377    -0.00411577
376    -0.0040123
375    -0.00388924
374    -0.00380979
373    -0.00369913
372    -0.00366087
371    -0.00358467
370    -0.00367886
369    -0.00356157
368    -0.00349383
367    -0.00331223
366    -0.0032414
365    -0.00307831
364    -0.00298225
363    -0.00282192
362    -0.00262782
361    -0.00238807
360    -0.00212605
359    -0.00196867
358    -0.00167717
357    -0.00142847
356    -0.00113042
355    -0.000849678
354    -0.000574548
353    -0.000443558
352    -0.000243067
351    3.14E-06
350    0.000382094
349    0.000621145
348    0.000999997
347    0.00140927
346    0.00190997
345    0.00218667
344    0.00259161
343    0.00303552
342    0.00332216
341    0.00377489
340    0.00542791
339    0.00587295
338    0.00628556
337    0.00681527
336    0.0072887
335    0.00778891
334    0.0082588
333    0.00873849
332    0.00949348
331    0.0102043
330    0.0109235
329    0.0114463
328    0.0122007
327    0.0129049
326    0.0137511
325    0.0144611
324    0.01517
323    0.0158304
322    0.0164509
321    0.0171347
320    0.0177568
319    0.0185204
318    0.0192285
317    0.0199739
316    0.0207001
315    0.021421
314    0.0221326
313    0.0227531
312    0.0233736
311    0.0238675
310    0.0244263
309    0.0250889
308    0.0256323
307    0.0261939
306    0.0266741
305    0.027026
304    0.0274714
303    0.0279878
302    0.0284719
301    0.0290298
300    0.0296562
299    0.0301669
298    0.0308752
297    0.0316292
296    0.0326691
295    0.0339349
294    0.0353481
293    0.0368693
292    0.0383588
291    0.0398243
290    0.0410506
289    0.0424179
288    0.0437705
287    0.04546
286    0.0474758
285    0.0497648
284    0.0524529
283    0.0553633
282    0.0585024
281    0.0616261
280    0.0648933
279    0.0683776
278    0.0722679
277    0.0765825
276    0.0812675
275    0.0863993
274    0.0917961
273    0.0975596
272    0.103643
271    0.109995
270    0.116743
269    0.123566
268    0.130631
267    0.137746
266    0.144864
265    0.151766
264    0.158338
263    0.164449
262    0.169917
261    0.174775
260    0.179079
259    0.182753
258    0.185798
257    0.188317
256    0.190243
255    0.19153
254    0.19211
253    0.191954
252    0.191278
251    0.189962
250    0.187938
249    0.185456
248    0.18255
247    0.179358
246    0.176087
245    0.172659
244    0.169139
243    0.165673
242    0.162085
241    0.158543
240    0.155121
239    0.15194
238    0.149098
237    0.146693
236    0.144741
235    0.143396
234    0.142438
233    0.142005
232    0.142076
231    0.142745
230    0.14401
229    0.145771
228    0.148243
227    0.151602
226    0.155712
225    0.160861
224    0.166859
223    0.174053
222    0.182506
221    0.19219
220    0.203209
219    0.215431
218    0.228538
217    0.241911
216    0.255087
215    0.267569
214    0.279198
213    0.290144
212    0.300467
211    0.310449
210    0.320022
209    0.329348
208    0.338336
207    0.346274
206    0.353019
205    0.35794
204    0.361141
203    0.36281
202    0.362988
201    0.361936
200    0.359424
