1100     0.00489
1099     0.00495
1098     0.00487
1097     0.00494
1096     0.00488
1095     0.00478
1094     0.00478
1093     0.0046
1092     0.00456
1091     0.0045
1090     0.00452
1089     0.00453
1088     0.00452
1087     0.00451
1086     0.00446
1085     0.0045
1084     0.00449
1083     0.00454
1082     0.00435
1081     0.00463
1080     0.00493
1079     0.00499
1078     0.00489
1077     0.00479
1076     0.00487
1075     0.00493
1074     0.00511
1073     0.00519
1072     0.00534
1071     0.00541
1070     0.00548
1069     0.00555
1068     0.00556
1067     0.0056
1066     0.00559
1065     0.00541
1064     0.00529
1063     0.00522
1062     0.00521
1061     0.00527
1060     0.00522
1059     0.00516
1058     0.0051
1057     0.00505
1056     0.00508
1055     0.00502
1054     0.00495
1053     0.00487
1052     0.00482
1051     0.00468
1050     0.00462
1049     0.00467
1048     0.00473
1047     0.00484
1046     0.00477
1045     0.00464
1044     0.00475
1043     0.00477
1042     0.00486
1041     0.00494
1040     0.005
1039     0.00516
1038     0.00538
1037     0.0055
1036     0.00562
1035     0.00568
1034     0.00576
1033     0.00587
1032     0.00582
1031     0.00572
1030     0.00578
1029     0.00592
1028     0.00617
1027     0.0063
1026     0.00647
1025     0.00638
1024     0.00602
1023     0.0054
1022     0.00478
1021     0.00458
1020     0.00464
1019     0.00512
1018     0.00546
1017     0.00549
1016     0.00511
1015     0.00501
1014     0.005
1013     0.00516
1012     0.00524
1011     0.00533
1010     0.00527
1009     0.00523
1008     0.00531
1007     0.00545
1006     0.00548
1005     0.00546
1004     0.00537
1003     0.00546
1002     0.00561
1001     0.00582
1000     0.00593
999      0.0058
998      0.00564
997      0.00562
996      0.00564
995      0.00575
994      0.00588
993      0.00595
992      0.00604
991      0.00602
990      0.0058
989      0.00565
988      0.00566
987      0.00567
986      0.00573
985      0.00568
984      0.00562
983      0.00553
982      0.00565
981      0.00575
980      0.00581
979      0.00585
978      0.00579
977      0.00619
976      0.0062
975      0.00621
974      0.00624
973      0.00615
972      0.00617
971      0.00612
970      0.00609
969      0.0064
968      0.00632
967      0.00651
966      0.00616
965      0.00657
964      0.0061
963      0.00679
962      0.0063
961      0.00653
960      0.00731
959      0.00659
958      0.00657
957      0.00759
956      0.00688
955      0.0073
954      0.00605
953      0.00781
952      0.00583
951      0.00748
950      0.00679
949      0.00686
948      0.0058
947      0.00735
946      0.0064
945      0.00801
944      0.00548
943      0.00562
942      0.00656
941      0.00688
940      0.00706
939      0.0084
938      0.00711
937      0.00626
936      0.00695
935      0.00779
934      0.00588
933      0.00784
932      0.00705
931      0.0076
930      0.0082
929      0.00885
928      0.00912
927      0.00936
926      0.00962
925      0.00971
924      0.00982
923      0.00992
922      0.00974
921      0.00982
920      0.00999
919      0.01004
918      0.00961
917      0.00899
916      0.00835
915      0.00772
914      0.00734
913      0.00703
912      0.00676
911      0.00692
910      0.00713
909      0.00736
908      0.00756
907      0.00727
906      0.00719
905      0.00679
904      0.00651
903      0.00648
902      0.00653
901      0.00686
900      0.00747
899      0.00757
898      0.00799
897      0.00802
896      0.00816
895      0.00819
894      0.00835
893      0.00848
892      0.00877
891      0.009
890      0.00937
889      0.00978
888      0.01029
887      0.0107
886      0.01004
885      0.0094
884      0.00859
883      0.00825
882      0.00807
881      0.00804
880      0.00813
879      0.00795
878      0.00791
877      0.00781
876      0.00769
875      0.00739
874      0.00693
873      0.00694
872      0.00686
871      0.00694
870      0.00724
869      0.00745
868      0.00735
867      0.00767
866      0.00789
865      0.00821
864      0.00863
863      0.00876
862      0.00939
861      0.0097
860      0.00999
859      0.01002
858      0.01039
857      0.01049
856      0.01071
855      0.01059
854      0.01035
853      0.00999
852      0.00978
851      0.00909
850      0.00873
849      0.00848
848      0.0079
847      0.00763
846      0.00758
845      0.00731
844      0.00742
843      0.0069
842      0.00656
841      0.00693
840      0.00641
839      0.00638
838      0.00686
837      0.00697
836      0.00585
835      0.006
834      0.00594
833      0.00611
832      0.00573
831      0.00581
830      0.00705
829      0.00623
828      0.00611
827      0.00624
826      0.00598
825      0.0061
824      0.00565
823      0.00648
822      0.00586
821      0.0057
820      0.00547
819      0.00582
818      0.00589
817      0.00577
816      0.00607
815      0.00575
814      0.0057
813      0.00575
812      0.00544
811      0.00568
810      0.00557
809      0.00532
808      0.00501
807      0.00561
806      0.00468
805      0.00541
804      0.00567
803      0.0057
802      0.00568
801      0.00589
800      0.00565
799      0.00579
798      0.00587
797      0.00602
796      0.00635
795      0.00655
794      0.00606
793      0.00634
792      0.00646
791      0.00709
790      0.0071
789      0.00724
788      0.00751
787      0.0078
786      0.00772
785      0.00825
784      0.00815
783      0.00883
782      0.00889
781      0.00934
780      0.0098
779      0.00956
778      0.00987
777      0.00995
776      0.00973
775      0.00998
774      0.0096
773      0.00888
772      0.00848
771      0.00847
770      0.00847
769      0.00773
768      0.00722
767      0.00732
766      0.00738
765      0.00726
764      0.00813
763      0.00798
762      0.008
761      0.00765
760      0.00698
759      0.00679
758      0.00718
757      0.00717
756      0.00744
755      0.00725
754      0.00722
753      0.0071
752      0.00724
751      0.00689
750      0.00734
749      0.00742
748      0.0072
747      0.00722
746      0.00715
745      0.00733
744      0.00714
743      0.00691
742      0.00713
741      0.00751
740      0.00727
739      0.00752
738      0.00712
737      0.00694
736      0.00714
735      0.00723
734      0.00702
733      0.00681
732      0.00727
731      0.00686
730      0.00719
729      0.00729
728      0.00737
727      0.00728
726      0.00717
725      0.00731
724      0.00698
723      0.00688
722      0.00687
721      0.00718
720      0.00741
719      0.00743
718      0.00691
717      0.00687
716      0.00706
715      0.00702
714      0.00701
713      0.0073
712      0.00738
711      0.00731
710      0.00747
709      0.00718
708      0.00718
707      0.00733
706      0.00724
705      0.00758
704      0.00775
703      0.00759
702      0.00757
701      0.00732
700      0.0073
699      0.00719
698      0.00736
697      0.00758
696      0.0074
695      0.00723
694      0.00718
693      0.00718
692      0.00682
691      0.00668
690      0.00703
689      0.00701
688      0.00713
687      0.0071
686      0.00702
685      0.0071
684      0.00705
683      0.00678
682      0.00685
681      0.00665
680      0.0068
679      0.00704
678      0.00726
677      0.00753
676      0.00698
675      0.00635
674      0.00566
673      0.00602
672      0.0066
671      0.00701
670      0.00766
669      0.00707
668      0.00629
667      0.00601
666      0.00617
665      0.00675
664      0.00713
663      0.00747
662      0.00717
661      0.00726
660      0.00764
659      0.0081
658      0.00823
657      0.00803
656      0.00797
655      0.00762
654      0.00753
653      0.00762
652      0.00728
651      0.0076
650      0.00739
649      0.0073
648      0.00727
647      0.00706
646      0.00684
645      0.00708
644      0.00712
643      0.00704
642      0.00717
641      0.00731
640      0.00716
639      0.0071
638      0.00724
637      0.00715
636      0.0072
635      0.00711
634      0.00746
633      0.00729
632      0.00719
631      0.00727
630      0.00705
629      0.00703
628      0.00718
627      0.00738
626      0.00729
625      0.00727
624      0.00747
623      0.00737
622      0.00729
621      0.00744
620      0.00728
619      0.00734
618      0.00741
617      0.00723
616      0.0074
615      0.00735
614      0.00753
613      0.00752
612      0.00733
611      0.00755
610      0.00745
609      0.00739
608      0.00738
607      0.00722
606      0.00723
605      0.00734
604      0.00725
603      0.00732
602      0.00716
601      0.00712
600      0.00698
599      0.00706
598      0.00697
597      0.0069
596      0.00687
595      0.00666
594      0.00683
593      0.0068
592      0.00704
591      0.00704
590      0.00704
589      0.00679
588      0.00684
587      0.00686
586      0.00676
585      0.00703
584      0.00706
583      0.00721
582      0.00726
581      0.00733
580      0.00757
579      0.00749
578      0.00762
577      0.0078
576      0.00795
575      0.00774
574      0.00763
573      0.00759
572      0.00777
571      0.0077
570      0.00759
569      0.00753
568      0.00753
567      0.00728
566      0.00735
565      0.00715
564      0.00733
563      0.00728
562      0.00725
561      0.00706
560      0.00701
559      0.00727
558      0.00715
557      0.00726
556      0.00709
555      0.00712
554      0.00688
553      0.00693
552      0.00695
551      0.00703
550      0.00686
549      0.00695
548      0.00673
547      0.00666
546      0.00649
545      0.00668
544      0.00657
543      0.00669
542      0.00648
541      0.00632
540      0.00607
539      0.0059
538      0.0057
537      0.00546
536      0.00522
535      0.00514
534      0.00486
533      0.00452
532      0.00419
531      0.00361
530      0.00864
529      0.00855
528      0.00869
527      0.00846
526      0.00854
525      0.00849
524      0.00851
523      0.0084
522      0.00837
521      0.00834
520      0.00846
519      0.00852
518      0.00857
517      0.00868
516      0.00839
515      0.00833
514      0.00823
513      0.00839
512      0.00837
511      0.00831
510      0.00835
509      0.00828
508      0.00823
507      0.00821
506      0.00819
505      0.0083
504      0.00817
503      0.00823
502      0.00832
501      0.00832
500      0.00814
499      0.00824
498      0.00814
497      0.00828
496      0.0084
495      0.00838
494      0.00851
493      0.00856
492      0.00844
491      0.00841
490      0.0083
489      0.00817
488      0.00791
487      0.00806
486      0.0081
485      0.00805
484      0.00828
483      0.00825
482      0.00788
481      0.00767
480      0.00772
479      0.00789
478      0.00771
477      0.00818
476      0.00833
475      0.00886
474      0.00901
473      0.00908
472      0.00928
471      0.00942
470      0.00951
469      0.00952
468      0.00941
467      0.00933
466      0.00939
465      0.00956
464      0.00948
463      0.00982
462      0.00971
461      0.00995
460      0.00997
459      0.01029
458      0.01083
457      0.01102
456      0.01157
455      0.01185
454      0.0126
453      0.01277
452      0.01329
451      0.01366
450      0.01424
449      0.01484
448      0.01565
447      0.01638
446      0.01764
445      0.01875
444      0.01989
443      0.02129
442      0.02306
441      0.02537
440      0.02737
439      0.02987
438      0.03255
437      0.03553
436      0.03903
435      0.04269
434      0.04703
433      0.05189
432      0.05758
431      0.06362
430      0.07071
429      0.07767
428      0.08515
427      0.09324
426      0.10141
425      0.10989
424      0.11906
423      0.12832
422      0.1381
421      0.14816
420      0.15501
419      0.16566
418      0.17709
417      0.18891
416      0.20078
415      0.21249
414      0.2242
413      0.23584
412      0.24756
411      0.25826
410      0.26889
409      0.2788
408      0.28882
407      0.29761
406      0.3063
405      0.31422
404      0.3218
403      0.32871
402      0.33505
401      0.34126
400      0.34656
399      0.35192
398      0.35688
397      0.36205
396      0.36699
395      0.37183
394      0.37666
393      0.3817
392      0.38665
391      0.39108
390      0.3958
389      0.40002
388      0.4037
387      0.4066
386      0.40899
385      0.40937
384      0.40993
383      0.409
382      0.40765
381      0.4051
380      0.40172
379      0.3974
378      0.39239
377      0.38753
376      0.38212
375      0.37686
374      0.37149
373      0.36612
372      0.36094
371      0.35582
370      0.3504
369      0.34502
368      0.34035
367      0.33476
366      0.32834
365      0.32271
364      0.31601
363      0.30921
362      0.30124
361      0.29364
360      0.28839
359      0.27987
358      0.27147
357      0.26273
356      0.25442
355      0.24611
354      0.23845
353      0.23096
352      0.22328
351      0.21656
350      0.20935
349      0.20247
348      0.19596
347      0.18943
346      0.18279
345      0.17618
344      0.16984
343      0.16347
342      0.15697
341      0.15073
340      0.14449
339      0.13873
338      0.13307
337      0.12776
336      0.12224
335      0.11785
334      0.11332
333      0.10942
332      0.10525
331      0.10174
330      0.09917
329      0.09586
328      0.09325
327      0.09024
326      0.08763
325      0.08557
324      0.08326
323      0.08128
322      0.07974
321      0.07929
320      0.07798
319      0.07655
318      0.07607
317      0.07671
316      0.07622
315      0.07753
314      0.07871
313      0.07979
312      0.08198
311      0.08432
310      0.08773
309      0.09223
308      0.09576
307      0.10086
306      0.10604
305      0.11257
304      0.1193
303      0.12517
302      0.13197
301      0.13684
300      0.1429
299      0.14787
298      0.15077
297      0.15248
296      0.15275
295      0.15186
294      0.15093
293      0.14838
292      0.14621
291      0.14391
290      0.14059
289      0.13895
288      0.1361
287      0.13293
286      0.1291
285      0.12509
284      0.11987
283      0.1138
282      0.10723
281      0.10025
280      0.09315
279      0.08669
278      0.07985
277      0.07287
276      0.06619
275      0.05935
274      0.05391
273      0.04782
272      0.04309
271      0.03765
270      0.03239
269      0.02589
268      0.02056
267      0.016
266      0.01215
265      0.01028
264      0.00828
263      0.0075
262      0.00738
261      0.00948
260      0.01279
259      0.01726
258      0.02246
257      0.0265
256      0.02988
255      0.03234
254      0.03423
253      0.03704
252      0.04056
251      0.0449
250      0.04974
249      0.0532
248      0.05576
247      0.05648
246      0.05659
245      0.05639
244      0.05519
243      0.05441
242      0.05341
241      0.05201
240      0.04944
239      0.04575
238      0.04162
237      0.03765
236      0.03045
235      0.02409
234      0.0149
233      0.00451
