1099     -0.00076
1098     -0.00082
1097     -0.00077
1096     -0.00076
1095     -0.00075
1094     -0.0007
1093     -0.00076
1092     -0.00073
1091     -0.00073
1090     -0.00074
1089     -0.00077
1088     -0.00077
1087     -0.00074
1086     -0.00064
1085     -0.00066
1084     -0.00075
1083     -0.00072
1082     -0.00087
1081     -7E-05
1080     0.00025
1079     0.00018
1078     -0.0001
1077     -0.00029
1076     -0.00035
1075     -0.00035
1074     -0.00025
1073     -0.00019
1072     -0.00013
1071     -7E-05
1070     0
1069     1E-05
1068     4E-05
1067     -3E-05
1066     -0.00013
1065     -0.00029
1064     -0.0004
1063     -0.00043
1062     -0.00037
1061     -0.00035
1060     -0.00032
1059     -0.00038
1058     -0.00038
1057     -0.00033
1056     -0.00032
1055     -0.00033
1054     -0.00025
1053     -0.00029
1052     -0.00038
1051     -0.00057
1050     -0.00075
1049     -0.00081
1048     -0.00076
1047     -0.00064
1046     -0.00057
1045     -0.00061
1044     -0.00073
1043     -0.00077
1042     -0.00072
1041     -0.00065
1040     -0.00052
1039     -0.00045
1038     -0.00038
1037     -0.00028
1036     -0.00024
1035     -0.00029
1034     -0.00024
1033     -0.00022
1032     -0.00021
1031     -0.00031
1030     -0.0002
1029     3E-05
1028     0.00026
1027     0.0007
1026     0.0009
1025     0.00096
1024     0.00043
1023     -0.00034
1022     -0.00118
1021     -0.00146
1020     -0.00127
1019     -0.00078
1018     -0.00042
1017     -0.00056
1016     -0.0008
1015     -0.00086
1014     -0.00081
1013     -0.00067
1012     -0.00043
1011     -0.00032
1010     -0.00039
1009     -0.00047
1008     -0.00043
1007     -0.0002
1006     -7E-05
1005     -0.00016
1004     -0.00027
1003     -0.00026
1002     -7E-05
1001     0.00011
1000     1E-05
999      -0.00013
998      -0.00028
997      -0.00023
996      -0.00015
995      -7E-05
994      5E-05
993      0.00018
992      0.00031
991      0.00039
990      0.00029
989      0.0001
988      0
987      -1E-05
986      7E-05
985      2E-05
984      -9E-05
983      -0.00011
982      -5E-05
981      0.00012
980      5E-05
979      4E-05
978      4E-05
977      0.0002
976      0.00013
975      0.00024
974      0.00023
973      0.00025
972      0.00027
971      0.0002
970      0.00013
969      0.00043
968      0.00047
967      0.00053
966      0.00025
965      0.00029
964      -5E-05
963      0.00025
962      -0.00015
961      -8E-05
960      0.00035
959      -3E-05
958      0.0004
957      0.00041
956      0.00046
955      0.00075
954      0.00022
953      0.00147
952      -0.00018
951      0.00187
950      0.00034
949      0.0012
948      0.00014
947      0.00106
946      8E-05
945      0.00165
944      0.00035
943      -0.00021
942      0.0009
941      0.00097
940      0.00129
939      0.00217
938      0.00147
937      0.00118
936      0.00142
935      0.00194
934      0.0013
933      0.00247
932      0.00185
931      0.0023
930      0.0025
929      0.00272
928      0.00253
927      0.00258
926      0.00254
925      0.00259
924      0.00266
923      0.00267
922      0.00271
921      0.00274
920      0.00235
919      0.00198
918      0.00143
917      0.00123
916      0.00078
915      0.0005
914      0.00046
913      0.00048
912      0.00056
911      0.00064
910      0.00078
909      0.00092
908      0.00094
907      0.00096
906      0.00111
905      0.00125
904      0.00144
903      0.00152
902      0.00175
901      0.00222
900      0.00314
899      0.00299
898      0.00301
897      0.00271
896      0.00262
895      0.00271
894      0.00264
893      0.00272
892      0.00305
891      0.00323
890      0.00352
889      0.00369
888      0.00399
887      0.00375
886      0.00281
885      0.002
884      0.00102
883      0.00065
882      0.00065
881      0.00061
880      0.00063
879      0.00058
878      0.00062
877      0.00076
876      0.00064
875      0.0007
874      0.00088
873      0.00099
872      0.00115
871      0.0014
870      0.0016
869      0.00171
868      0.00158
867      0.00163
866      0.0016
865      0.00175
864      0.00192
863      0.00193
862      0.00196
861      0.00205
860      0.00199
859      0.00174
858      0.00172
857      0.00167
856      0.00165
855      0.0015
854      0.00132
853      0.00118
852      0.00081
851      0.0005
850      0.00032
849      0.00013
848      -4E-05
847      -0.00071
846      -0.00089
845      -0.00055
844      -0.00077
843      -0.00106
842      -0.00084
841      -0.00084
840      -0.00107
839      -0.00096
838      -0.00126
837      -0.0012
836      -0.00131
835      -0.00146
834      -0.00144
833      -0.00108
832      -0.00122
831      -0.00112
830      -0.00098
829      -0.00159
828      -0.00147
827      -0.0018
826      -0.00154
825      -0.00178
824      -0.00157
823      -0.00166
822      -0.00163
821      -0.00134
820      -0.00181
819      -0.00215
818      -0.00163
817      -0.00161
816      -0.00144
815      -0.00148
814      -0.00141
813      -0.00162
812      -0.00112
811      -0.00131
810      -0.00158
809      -0.00158
808      -0.00135
807      -0.00137
806      -0.00102
805      -0.00094
804      -0.00087
803      -0.0007
802      -0.00089
801      -0.00086
800      -0.00087
799      -0.00072
798      -0.00057
797      -0.0006
796      -0.00037
795      -0.00026
794      -0.00019
793      -4E-05
792      -0.0003
791      -0.00014
790      -0.00035
789      -0.00012
788      -0.00029
787      -0.00067
786      -0.00068
785      -0.00058
784      -0.00097
783      -0.00086
782      -0.00113
781      -0.00125
780      -0.00145
779      -0.00168
778      -0.00158
777      -0.0012
776      -0.0016
775      -0.0014
774      -0.00134
773      -0.00144
772      -0.00135
771      -0.00112
770      -0.00119
769      -0.00058
768      -0.00095
767      -0.00059
766      -0.00027
765      -0.00028
764      -0.00028
763      -0.00061
762      -0.00041
761      -0.00034
760      -0.00045
759      -0.00038
758      -0.00027
757      -0.00022
756      3E-05
755      -1E-05
754      0
753      -0.0001
752      -0.00011
751      -0.00017
750      3E-05
749      0.00011
748      -7E-05
747      -0.00026
746      -0.00022
745      -0.00022
744      -0.00012
743      -6E-05
742      -7E-05
741      5E-05
740      3E-05
739      0
738      -7E-05
737      0.00013
736      -2E-05
735      -0.0003
734      0.0001
733      1E-05
732      -7E-05
731      4E-05
730      0
729      3E-05
728      9E-05
727      3E-05
726      0.00019
725      0.00024
724      0.00023
723      9E-05
722      0.00029
721      0.00034
720      4E-05
719      8E-05
718      -0.00016
717      -0.00011
716      8E-05
715      1E-04
714      0.0001
713      0.00027
712      6E-05
711      0.00026
710      0.0001
709      -0.00016
708      4E-05
707      8E-05
706      4E-05
705      -3E-05
704      0.00011
703      0.00023
702      -3E-05
701      -1E-05
700      9E-05
699      -4E-05
698      7E-05
697      0.00016
696      6E-05
695      0.00014
694      -6E-05
693      -0.0002
692      -0.0002
691      -4E-05
690      -0.00034
689      -0.0003
688      -0.00027
687      -0.00017
686      -0.00013
685      -0.00018
684      -0.00026
683      -0.00014
682      -0.00018
681      -2E-05
680      2E-05
679      5E-05
678      -1E-05
677      -5E-05
676      -4E-05
675      -0.00038
674      -0.00022
673      -1E-05
672      0.00051
671      0.00043
670      0.00025
669      -0.00012
668      -0.00046
667      -0.0008
666      -0.00068
665      -0.00025
664      0
663      -7E-05
662      0.00015
661      0.00036
660      0.00047
659      0.00053
658      0.0006
657      0.00046
656      0.00023
655      7E-05
654      0.00017
653      0.00024
652      0.00016
651      -2E-05
650      0.00017
649      4E-05
648      0.00018
647      0.00015
646      0.00014
645      0.00019
644      0.00012
643      9E-05
642      0.00026
641      0.00029
640      0.00032
639      0.00052
638      0.00044
637      0.00056
636      0.0005
635      0.00049
634      0.00056
633      0.00053
632      0.0006
631      0.00062
630      0.00073
629      0.00079
628      0.00071
627      0.00107
626      0.00119
625      0.00109
624      0.00121
623      0.0012
622      0.00139
621      0.00144
620      0.00152
619      0.00175
618      0.00179
617      0.00199
616      0.00204
615      0.00213
614      0.00237
613      0.00241
612      0.00263
611      0.00276
610      0.00278
609      0.00307
608      0.00307
607      0.00311
606      0.00335
605      0.0034
604      0.00375
603      0.00406
602      0.00428
601      0.0044
600      0.00447
599      0.00467
598      0.00493
597      0.00521
596      0.0056
595      0.00591
594      0.00622
593      0.00655
592      0.00685
591      0.00721
590      0.00753
589      0.00795
588      0.00851
587      0.00898
586      0.00938
585      0.00987
584      0.01034
583      0.01086
582      0.01124
581      0.01168
580      0.01218
579      0.0129
578      0.01347
577      0.01415
576      0.0146
575      0.0151
574      0.01588
573      0.01649
572      0.01715
571      0.01779
570      0.01844
569      0.01926
568      0.02017
567      0.021
566      0.02171
565      0.02274
564      0.02357
563      0.02452
562      0.02532
561      0.02623
560      0.02725
559      0.02828
558      0.02925
557      0.03054
556      0.03159
555      0.03273
554      0.0339
553      0.03489
552      0.03599
551      0.03731
550      0.03856
549      0.03987
548      0.04119
547      0.04257
546      0.04394
545      0.04547
544      0.04696
543      0.04843
542      0.05004
541      0.05168
540      0.05332
539      0.05502
538      0.05659
537      0.05827
536      0.06005
535      0.06182
534      0.06353
533      0.06541
532      0.06737
531      0.06936
530      0.06942
529      0.07131
528      0.07309
527      0.0749
526      0.07682
525      0.07871
524      0.08051
523      0.08247
522      0.08445
521      0.08627
520      0.08832
519      0.09019
518      0.09229
517      0.09407
516      0.09602
515      0.09808
514      0.10012
513      0.10211
512      0.10408
511      0.10598
510      0.10787
509      0.10989
508      0.11188
507      0.1138
506      0.11567
505      0.1175
504      0.11941
503      0.12125
502      0.12306
501      0.12476
500      0.1264
499      0.12828
498      0.12982
497      0.13179
496      0.13352
495      0.13516
494      0.13669
493      0.13849
492      0.14003
491      0.14162
490      0.14303
489      0.14435
488      0.14567
487      0.1472
486      0.14861
485      0.15002
484      0.15132
483      0.15245
482      0.15363
481      0.15462
480      0.15568
479      0.15664
478      0.15751
477      0.1589
476      0.15994
475      0.16083
474      0.16137
473      0.16201
472      0.16235
471      0.16292
470      0.16356
469      0.16406
468      0.16442
467      0.16493
466      0.16521
465      0.16555
464      0.16585
463      0.16608
462      0.16598
461      0.16583
460      0.16584
459      0.16544
458      0.1653
457      0.16513
456      0.16464
455      0.16433
454      0.16403
453      0.16364
452      0.16297
451      0.16245
450      0.16166
449      0.16078
448      0.1602
447      0.15929
446      0.15828
445      0.15724
444      0.15624
443      0.15511
442      0.15413
441      0.15302
440      0.15173
439      0.15055
438      0.14931
437      0.14789
436      0.14652
435      0.1452
434      0.14366
433      0.14209
432      0.14066
431      0.13873
430      0.13725
429      0.13563
428      0.13395
427      0.13227
426      0.13042
425      0.12858
424      0.12672
423      0.12498
422      0.12298
421      0.12112
420      0.11903
419      0.11712
418      0.11512
417      0.1132
416      0.11132
415      0.10921
414      0.10712
413      0.1053
412      0.10301
411      0.10095
410      0.09904
409      0.09699
408      0.09507
407      0.09341
406      0.09156
405      0.08927
404      0.08726
403      0.08522
402      0.08338
401      0.08135
400      0.07953
399      0.07742
398      0.07547
397      0.07368
396      0.07186
395      0.06995
394      0.06816
393      0.06626
392      0.06448
391      0.06301
390      0.06111
389      0.05962
388      0.05803
387      0.05661
386      0.05526
385      0.05384
384      0.05209
383      0.05093
382      0.04967
381      0.04852
380      0.04732
379      0.04647
378      0.04559
377      0.045
376      0.04392
375      0.04334
374      0.04303
373      0.04262
372      0.0423
371      0.04182
370      0.04199
369      0.04197
368      0.04192
367      0.04248
366      0.04299
365      0.04356
364      0.04431
363      0.04542
362      0.04694
361      0.04824
360      0.04928
359      0.05084
358      0.0524
357      0.05381
356      0.05553
355      0.05729
354      0.05899
353      0.06058
352      0.06284
351      0.06497
350      0.06675
349      0.06881
348      0.0708
347      0.07314
346      0.07485
345      0.07719
344      0.07919
343      0.08135
342      0.0836
341      0.08517
340      0.08759
339      0.08986
338      0.0921
337      0.09393
336      0.09634
335      0.09847
334      0.10054
333      0.10306
332      0.10544
331      0.1078
330      0.11035
329      0.11233
328      0.11458
327      0.11673
326      0.11863
325      0.12054
324      0.12267
323      0.12496
322      0.12681
321      0.12916
320      0.13032
319      0.13222
318      0.13344
317      0.13499
316      0.13627
315      0.13753
314      0.13883
313      0.14005
312      0.14037
311      0.14091
310      0.1408
309      0.14216
308      0.14183
307      0.14203
306      0.14247
305      0.14204
304      0.14137
303      0.14053
302      0.13998
301      0.1398
300      0.13758
299      0.13619
298      0.13503
297      0.13352
296      0.13179
295      0.13039
294      0.12896
293      0.12675
292      0.12459
291      0.12285
290      0.12034
289      0.11838
288      0.11699
287      0.11506
286      0.11338
285      0.11126
284      0.10884
283      0.10615
282      0.10363
281      0.10146
280      0.09932
279      0.09774
278      0.09561
277      0.09366
276      0.09176
275      0.08968
274      0.0879
273      0.08603
272      0.08461
271      0.08316
270      0.0816
269      0.08045
268      0.07969
267      0.07888
266      0.07814
265      0.07782
264      0.07742
263      0.07686
262      0.07751
261      0.07778
260      0.07898
259      0.07952
258      0.08098
257      0.0818
256      0.08282
255      0.08403
254      0.08589
253      0.08821
252      0.09037
251      0.09201
250      0.09476
249      0.09702
248      0.09971
247      0.10182
246      0.10418
245      0.10624
244      0.10771
243      0.10916
242      0.11014
241      0.11152
240      0.1116
239      0.11301
238      0.11361
237      0.11457
236      0.1153
235      0.11514
234      0.11537
233      0.11655
232      0.11625
231      0.11548
230      0.11615
229      0.12363
228      0.13359
227      0.18636
226      0
225      0
224      0
223      0
222      0
221      0
220      0
219      0
218      0
217      0
216      0
215      0
214      0
213      0
212      0
211      0
210      0
209      0
208      0
207      -0.01664
206      0.01615
205      0.01104
204      0.00982
203      0.02425
202      0.01189
201      0.01137
200      -0.0054
