1100     -5.4E-05
1099     -6.3E-05
1098     -6.5E-05
1097     -6.1E-05
1096     -5.4E-05
1095     -5.8E-05
1094     -5.6E-05
1093     -0.000052
1092     -0.000034
1091     -3.7E-05
1090     -0.000034
1089     -2.3E-05
1088     -2.7E-05
1087     -1.6E-05
1086     -2E-05
1085     -2.9E-05
1084     -2.7E-05
1083     -3E-05
1082     -2.6E-05
1081     -2.8E-05
1080     -2.3E-05
1079     -2.4E-05
1078     -0.000025
1077     -2.4E-05
1076     -8E-06
1075     -9E-06
1074     -0.000016
1073     -8E-06
1072     -9E-06
1071     -9E-06
1070     -0.000016
1069     -2.3E-05
1068     -0.000018
1067     -0.000025
1066     -3.7E-05
1065     -4.9E-05
1064     -5.8E-05
1063     -6.1E-05
1062     -4.9E-05
1061     -4.4E-05
1060     -5.3E-05
1059     -5.1E-05
1058     -4.8E-05
1057     -3.1E-05
1056     -2.6E-05
1055     -0.000034
1054     -0.000025
1053     -1.4E-05
1052     -4E-06
1051     3E-06
1050     1.2E-05
1049     0.000018
1048     3E-05
1047     4.4E-05
1046     4.5E-05
1045     4.9E-05
1044     4.6E-05
1043     0.000059
1042     6.3E-05
1041     5.1E-05
1040     5.3E-05
1039     3.5E-05
1038     2E-05
1037     3E-06
1036     -5E-06
1035     -2.3E-05
1034     -3.5E-05
1033     -4.7E-05
1032     -5.1E-05
1031     -4.2E-05
1030     -4.2E-05
1029     -3.8E-05
1028     -3.5E-05
1027     -3.2E-05
1026     -3.1E-05
1025     -4.5E-05
1024     -3.5E-05
1023     -0.000025
1022     -2E-05
1021     -2.2E-05
1020     -1.9E-05
1019     -2.7E-05
1018     -3.3E-05
1017     -3.3E-05
1016     -3.2E-05
1015     -3.1E-05
1014     -0.000034
1013     -3.7E-05
1012     -3.1E-05
1011     -3E-05
1010     -2.6E-05
1009     -2.8E-05
1008     -3.5E-05
1007     -5.1E-05
1006     -5.1E-05
1005     -4.1E-05
1004     -3.9E-05
1003     -0.000034
1002     -0.000025
1001     -2.4E-05
1000     -2.3E-05
999      -2.4E-05
998      -3E-05
997      -3.2E-05
996      -4.5E-05
995      -3.6E-05
994      -2.6E-05
993      -3E-05
992      -0.000034
991      -0.000034
990      -3.8E-05
989      -4.5E-05
988      -4E-05
987      -3E-05
986      -3.7E-05
985      -0.000043
984      -3.8E-05
983      -4.6E-05
982      -6E-05
981      -5.4E-05
980      -5.6E-05
979      -0.000052
978      -6.4E-05
977      -4.8E-05
976      -5.8E-05
975      -0.000059
974      -0.000077
973      -8.7E-05
972      -9.4E-05
971      -7.3E-05
970      -8.7E-05
969      -7.9E-05
968      -6.7E-05
967      -6.2E-05
966      -6.7E-05
965      -4.9E-05
964      -0.000068
963      -4.9E-05
962      -0.00005
961      -0.000052
960      -3E-05
959      -2.8E-05
958      -0.000025
957      8E-06
956      1.3E-05
955      3.1E-05
954      1.2E-05
953      4.4E-05
952      -1E-06
951      1.7E-05
950      1E-06
949      2E-05
948      -3.6E-05
947      9E-06
946      -7.9E-05
945      9E-06
944      -5E-06
943      -2.1E-05
942      -2.1E-05
941      -4E-05
940      -0.000086
939      -0.000018
938      1.7E-05
937      2.3E-05
936      2.9E-05
935      6.2E-05
934      8E-05
933      4.6E-05
932      7.9E-05
931      7E-05
930      6.7E-05
929      8.5E-05
928      9.8E-05
927      0.000132
926      0.000171
925      0.0002
924      0.000221
923      0.000225
922      0.000224
921      0.000209
920      0.000191
919      0.000156
918      0.000111
917      7.3E-05
916      3E-05
915      1E-06
914      -6E-06
913      -1.3E-05
912      1.3E-05
911      3.5E-05
910      0.000043
909      5.1E-05
908      5.4E-05
907      5.1E-05
906      4E-05
905      3.9E-05
904      3E-05
903      7E-06
902      3E-06
901      1.2E-05
900      -8E-06
899      4E-06
898      3E-06
897      1.2E-05
896      3E-06
895      0
894      9E-06
893      0.000016
892      1.9E-05
891      3.9E-05
890      5.5E-05
889      6.2E-05
888      6.2E-05
887      6.6E-05
886      8.9E-05
885      9.1E-05
884      9.6E-05
883      8.5E-05
882      6.2E-05
881      3.9E-05
880      4E-05
879      4.8E-05
878      5.6E-05
877      7.3E-05
876      7E-05
875      2.3E-05
874      8.8E-05
873      7.6E-05
872      0.000106
871      0.000134
870      0.000135
869      0.000134
868      0.00012
867      0.000122
866      0.000113
865      0.00012
864      0.00013
863      0.000112
862      0.000117
861      0.000142
860      0.000165
859      0.000178
858      0.000178
857      0.000186
856      0.000196
855      0.000207
854      0.000191
853      0.000208
852      0.00021
851      0.000197
850      0.000222
849      0.00022
848      0.000224
847      0.000226
846      0.000248
845      0.00024
844      0.00028
843      0.00026
842      0.000287
841      0.000314
840      0.000333
839      0.00032
838      0.000341
837      0.000394
836      0.000393
835      0.000333
834      0.000418
833      0.000405
832      0.000393
831      0.000418
830      0.000449
829      0.000421
828      0.000386
827      0.000463
826      0.000415
825      0.000424
824      0.000459
823      0.000461
822      0.00042
821      0.00046
820      0.000401
819      0.000363
818      0.000275
817      0.000446
816      0.000404
815      0.000436
814      0.000468
813      0.000416
812      0.000416
811      0.000416
810      0.000478
809      0.000507
808      0.000498
807      0.000478
806      0.000471
805      0.000494
804      0.000479
803      0.000498
802      0.0005
801      0.000568
800      0.000593
799      0.00059
798      0.000617
797      0.000651
796      0.000673
795      0.000651
794      0.000644
793      0.00075
792      0.000649
791      0.000612
790      0.000627
789      0.000579
788      0.000555
787      0.000499
786      0.000428
785      0.000337
784      0.000315
783      0.000227
782      0.000163
781      7.5E-05
780      9.7E-05
779      4.2E-05
778      -7E-06
777      -4.1E-05
776      -3.9E-05
775      1.4E-05
774      2.6E-05
773      5.7E-05
772      6.6E-05
771      0.000109
770      0.000219
769      0.000298
768      0.000328
767      0.00033
766      0.000351
765      0.000307
764      0.000351
763      0.00036
762      0.000336
761      0.000319
760      0.000304
759      0.000265
758      0.000299
757      0.00031
756      0.000309
755      0.000306
754      0.000312
753      0.000263
752      0.000305
751      0.000318
750      0.000335
749      0.000361
748      0.000357
747      0.000374
746      0.000358
745      0.000361
744      0.000372
743      0.000352
742      0.000311
741      0.000322
740      0.000315
739      0.00033
738      0.000367
737      0.000337
736      0.000368
735      0.000328
734      0.000343
733      0.000339
732      0.000327
731      0.000334
730      0.000317
729      0.000297
728      0.000332
727      0.000318
726      0.000346
725      0.000382
724      0.000385
723      0.000368
722      0.00033
721      0.000379
720      0.000366
719      0.000357
718      0.000378
717      0.000389
716      0.000371
715      0.000371
714      0.000339
713      0.000324
712      0.000329
711      0.000319
710      0.000325
709      0.000365
708      0.000342
707      0.000365
706      0.000351
705      0.00033
704      0.000331
703      0.000367
702      0.000384
701      0.000354
700      0.000356
699      0.000384
698      0.000368
697      0.000359
696      0.000355
695      0.000356
694      0.000381
693      0.00037
692      0.000374
691      0.000337
690      0.000349
689      0.000357
688      0.00035
687      0.000371
686      0.000366
685      0.000378
684      0.000366
683      0.000353
682      0.00034
681      0.000374
680      0.000385
679      0.000397
678      0.000413
677      0.000399
676      0.00042
675      0.000426
674      0.00041
673      0.0004
672      0.000359
671      0.000349
670      0.000405
669      0.00045
668      0.000561
667      0.000553
666      0.000546
665      0.000648
664      0.000659
663      0.000683
662      0.000709
661      0.000726
660      0.000782
659      0.000828
658      0.000883
657      0.000925
656      0.000949
655      0.000971
654      0.000925
653      0.000907
652      0.00094
651      0.000992
650      0.001042
649      0.00106
648      0.001107
647      0.001147
646      0.001186
645      0.001187
644      0.001201
643      0.001289
642      0.001317
641      0.001361
640      0.001431
639      0.001473
638      0.001517
637      0.001587
636      0.001645
635      0.001703
634      0.001767
633      0.001828
632      0.001884
631      0.001965
630      0.002027
629      0.002105
628      0.002187
627      0.002252
626      0.002347
625      0.002446
624      0.002524
623      0.002654
622      0.002735
621      0.002831
620      0.002924
619      0.003036
618      0.003132
617      0.003229
616      0.003355
615      0.0035
614      0.003618
613      0.003756
612      0.003911
611      0.004062
610      0.004201
609      0.004334
608      0.00449
607      0.004657
606      0.004817
605      0.004999
604      0.00515
603      0.005314
602      0.005514
601      0.005678
600      0.005884
599      0.006071
598      0.006292
597      0.006484
596      0.006685
595      0.006903
594      0.007125
593      0.00735
592      0.007605
591      0.007842
590      0.008094
589      0.008397
588      0.008652
587      0.008931
586      0.009216
585      0.00951
584      0.009851
583      0.010162
582      0.010449
581      0.010774
580      0.011099
579      0.011436
578      0.011781
577      0.012116
576      0.012481
575      0.012851
574      0.013217
573      0.013568
572      0.013939
571      0.014306
570      0.014686
569      0.015067
568      0.015483
567      0.015899
566      0.016289
565      0.016704
564      0.017134
563      0.017561
562      0.017955
561      0.018404
560      0.018835
559      0.019269
558      0.019708
557      0.020173
556      0.020617
555      0.021057
554      0.021516
553      0.02198
552      0.022459
551      0.022951
550      0.02341
549      0.023887
548      0.024365
547      0.024858
546      0.025358
545      0.025828
544      0.026318
543      0.026851
542      0.027345
541      0.027838
540      0.028314
539      0.028797
538      0.029297
537      0.0298
536      0.030316
535      0.030801
534      0.031267
533      0.031709
532      0.032173
531      0.03266
530      0.033166
529      0.033633
528      0.03411
527      0.03458
526      0.035026
525      0.035456
524      0.035863
523      0.036308
522      0.036711
521      0.037095
520      0.037511
519      0.037888
518      0.03829
517      0.03866
516      0.038996
515      0.039326
514      0.03965
513      0.039994
512      0.040282
511      0.040585
510      0.040883
509      0.041151
508      0.041379
507      0.041636
506      0.041856
505      0.042041
504      0.042229
503      0.042431
502      0.042587
501      0.042731
500      0.042869
499      0.043011
498      0.043098
497      0.043214
496      0.043278
495      0.043322
494      0.043338
493      0.043334
492      0.043377
491      0.043357
490      0.043327
489      0.043268
488      0.043223
487      0.043138
486      0.043028
485      0.042904
484      0.042771
483      0.042607
482      0.042458
481      0.042281
480      0.042096
479      0.041892
478      0.041671
477      0.041434
476      0.04117
475      0.040918
474      0.040604
473      0.040316
472      0.039994
471      0.039657
470      0.039289
469      0.03891
468      0.03855
467      0.038169
466      0.037772
465      0.037363
464      0.036952
463      0.036505
462      0.036082
461      0.035651
460      0.035204
459      0.034734
458      0.034273
457      0.03381
456      0.033341
455      0.032845
454      0.032362
453      0.031855
452      0.031355
451      0.030864
450      0.030368
449      0.029858
448      0.029335
447      0.028815
446      0.028267
445      0.027753
444      0.027235
443      0.026727
442      0.026215
441      0.025689
440      0.025174
439      0.024671
438      0.024151
437      0.02364
436      0.023158
435      0.022659
434      0.022153
433      0.02167
432      0.021176
431      0.020707
430      0.020214
429      0.019759
428      0.019301
427      0.01884
426      0.018407
425      0.018004
424      0.017566
423      0.017152
422      0.016738
421      0.016344
420      0.016173
419      0.015796
418      0.015445
417      0.015116
416      0.014785
415      0.014475
414      0.014157
413      0.013895
412      0.013608
411      0.013304
410      0.013071
409      0.012796
408      0.012558
407      0.01234
406      0.012105
405      0.011842
404      0.011638
403      0.01147
402      0.011312
401      0.01115
400      0.01097
399      0.01089
398      0.010763
397      0.010675
396      0.010579
395      0.010537
394      0.010503
393      0.010455
392      0.010475
391      0.010471
390      0.010461
389      0.010456
388      0.01046
387      0.010476
386      0.010462
385      0.010477
384      0.010528
383      0.010564
382      0.010641
381      0.010757
380      0.01086
379      0.010962
378      0.011136
377      0.011337
376      0.011547
375      0.011784
374      0.012045
373      0.012317
372      0.012592
371      0.012893
370      0.01321
369      0.013535
368      0.013918
367      0.014341
366      0.014721
365      0.015208
364      0.015708
363      0.016225
362      0.016784
361      0.017318
360      0.017827
359      0.0185
358      0.01922
357      0.02005
356      0.020864
355      0.021732
354      0.0226
353      0.023513
352      0.024406
351      0.02528
350      0.026217
349      0.027106
348      0.027928
347      0.028763
346      0.029606
345      0.030327
344      0.031067
343      0.031742
342      0.032374
341      0.032925
340      0.033392
339      0.033902
338      0.034458
337      0.034893
336      0.03535
335      0.035819
334      0.036288
333      0.036778
332      0.037358
331      0.037833
330      0.038456
329      0.039049
328      0.039723
327      0.040523
326      0.041363
325      0.042381
324      0.043497
323      0.045006
322      0.046538
321      0.048225
320      0.050196
319      0.052636
318      0.055325
317      0.058446
316      0.062253
315      0.066423
314      0.071082
313      0.076368
312      0.082251
311      0.088259
310      0.095374
309      0.104336
308      0.112275
307      0.1209
306      0.129769
305      0.138362
304      0.148094
303      0.158144
302      0.168542
301      0.178698
300      0.188021
299      0.201209
298      0.213796
297      0.226205
296      0.238988
295      0.252634
294      0.268804
293      0.26965
292      0.286995
291      0.307137
290      0.341764
289      0.420515
288      0.356571
287      0.593157
286      0.593015
285      0.592922
284      0.592765
283      0.592634
282      0.592527
281      0.592345
280      0.592158
279      0.591963
278      0.59178
277      0.591589
276      0.591355
275      0.591138
274      0.590895
273      0.476735
272      0.356112
271      0.317979
270      0.294372
269      0.27644
268      0.260305
267      0.245911
266      0.232476
265      0.220391
264      0.208497
263      0.197648
262      0.187478
261      0.17828
260      0.170131
259      0.162538
258      0.155924
257      0.15033
256      0.145784
255      0.1421
254      0.139562
253      0.138118
252      0.138134
251      0.139682
250      0.142857
249      0.147743
248      0.153699
247      0.159883
246      0.165622
245      0.170189
244      0.174822
243      0.179363
242      0.184125
241      0.18765
240      0.190474
239      0.192736
238      0.194153
237      0.194461
236      0.19383
235      0.191953
234      0.18959
233      0.187649
232      0.184605
231      0.182792
230      0.180682
229      0.18011
228      0.179344
227      0.179319
226      0.181391
225      0.174956
224      0.177575
223      0.182316
222      0.189644
221      0.198136
220      0.211624
219      0.201754
218      0.220389
217      0.253056
216      0.501858
215      0.292339
214      0.494334
213      0.488984
212      0.481116
211      0.467633
210      0.444012
209      0.39747
208      0.323583
