1100    4.6E-05
1099    7E-05
1098    7.1E-05
1097    8E-05
1096    0.0001
1095    0.000111
1094    0.000118
1093    0.000109
1092    0.000093
1091    0.000104
1090    0.000107
1089    0.000108
1088    0.000117
1087    0.000125
1086    0.000125
1085    0.000135
1084    0.000148
1083    0.000162
1082    0.000216
1081    0.000252
1080    0.000249
1079    0.000176
1078    7.8E-05
1077    4.1E-05
1076    3.5E-05
1075    5.5E-05
1074    7.4E-05
1073    9.7E-05
1072    0.000134
1071    0.000152
1070    0.000161
1069    0.000183
1068    0.000196
1067    0.000183
1066    0.000142
1065    0.000104
1064    9.7E-05
1063    0.000106
1062    0.000122
1061    0.00013
1060    0.000132
1059    0.000139
1058    0.000151
1057    0.00019
1056    0.000255
1055    0.000311
1054    0.00033
1053    0.000287
1052    0.000178
1051    4.9E-05
1050    -3.2E-05
1049    -1.7E-05
1048    4.8E-05
1047    9.6E-05
1046    0.000104
1045    7.8E-05
1044    0.000059
1043    5.7E-05
1042    8.8E-05
1041    0.000124
1040    0.000153
1039    0.000183
1038    0.000214
1037    0.000238
1036    0.000244
1035    0.000233
1034    0.000252
1033    0.000268
1032    0.000232
1031    0.00024
1030    0.000348
1029    0.000477
1028    0.000632
1027    0.000815
1026    0.000915
1025    0.000815
1024    0.000449
1023    1.6E-05
1022    -0.000304
1021    -0.00035
1020    -0.000174
1019    6.7E-05
1018    0.000154
1017    4.1E-05
1016    -0.000121
1015    -0.000137
1014    -6.5E-05
1013    3.5E-05
1012    0.0001
1011    8.9E-05
1010    3E-05
1009    1E-05
1008    5.6E-05
1007    0.000136
1006    0.00017
1005    0.000123
1004    8.5E-05
1003    0.000113
1002    0.000164
1001    0.000182
1000    0.000119
999     0.000018
998     -2.3E-05
997     0.000025
996     5.3E-05
995     7.9E-05
994     0.000139
993     0.000195
992     0.000231
991     0.000212
990     0.000141
989     5.3E-05
988     3.9E-05
987     6.4E-05
986     0.000084
985     4.9E-05
984     3E-06
983     2E-05
982     0.000059
981     0.000093
980     0.00012
979     0.00014
978     0.00016
977     0.000184
976     0.000201
975     0.000232
974     0.000259
973     0.000254
972     0.000214
971     0.000195
970     0.000224
969     0.00027
968     0.000297
967     0.000288
966     0.000245
965     0.000212
964     0.000151
963     0.00013
962     8.9E-05
961     8.5E-05
960     0.000124
959     0.000126
958     0.000149
957     0.000161
956     0.000173
955     0.000156
954     0.000124
953     0.000176
952     7.4E-05
951     0.000161
950     0.0001
949     0.000136
948     9.6E-05
947     0.000183
946     0.000164
945     0.000258
944     0.000169
943     0.000179
942     0.000236
941     0.000222
940     0.00026
939     0.000318
938     0.000258
937     0.000217
936     0.000266
935     0.000296
934     0.000229
933     0.000263
932     0.00022
931     0.00025
930     0.000235
929     0.000238
928     0.000214
927     0.000167
926     0.000136
925     0.00013
924     0.000137
923     0.000142
922     0.000126
921     8.5E-05
920     4.5E-05
919     1.2E-05
918     -1E-06
917     3.1E-05
916     3.3E-05
915     4.1E-05
914     4E-05
913     1.9E-05
912     -4E-06
911     1.2E-05
910     2.2E-05
909     1.4E-05
908     2.2E-05
907     3.6E-05
906     4.7E-05
905     9.9E-05
904     0.000168
903     0.000241
902     0.000311
901     0.000364
900     0.000392
899     0.000348
898     0.000302
897     0.000314
896     0.000361
895     0.000403
894     0.000447
893     0.000512
892     0.000593
891     0.000689
890     0.000845
889     0.001019
888     0.001052
887     0.00086
886     0.000395
885     -6E-05
884     -0.00033
883     -0.000364
882     -0.000259
881     -0.000153
880     -0.000167
879     -0.000244
878     -0.000224
877     -0.000153
876     -6.2E-05
875     -2E-05
874     3.1E-05
873     7.8E-05
872     8.3E-05
871     0.000106
870     9.7E-05
869     0.000116
868     0.000142
867     0.000171
866     0.000228
865     0.000249
864     0.000314
863     0.000375
862     0.000405
861     0.000383
860     0.000345
859     0.00031
858     0.000304
857     0.000299
856     0.000292
855     0.000292
854     0.000299
853     0.000293
852     0.000287
851     0.000265
850     0.000295
849     0.000277
848     0.00029
847     0.000257
846     0.000289
845     0.000278
844     0.000286
843     0.000266
842     0.000284
841     0.000256
840     0.000231
839     0.000261
838     0.000254
837     0.000263
836     0.000222
835     0.000229
834     0.000192
833     0.000241
832     0.000202
831     0.000246
830     0.000235
829     0.000241
828     0.000192
827     0.000243
826     0.000218
825     0.000218
824     0.000239
823     0.000287
822     0.000232
821     0.000283
820     0.000198
819     0.000152
818     0.000189
817     0.000192
816     0.000201
815     0.000255
814     0.000232
813     0.000202
812     0.000192
811     0.000229
810     0.00023
809     0.00015
808     0.000152
807     0.000138
806     0.000111
805     0.000119
804     0.000121
803     0.000103
802     0.000103
801     6.1E-05
800     -1.7E-05
799     -4.1E-05
798     -7.9E-05
797     -0.000086
796     -7.9E-05
795     -5.1E-05
794     -7.9E-05
793     -0.000104
792     -0.000107
791     -9.8E-05
790     -0.000105
789     -0.000084
788     -2.8E-05
787     0
786     3.9E-05
785     6.9E-05
784     6.1E-05
783     0.000102
782     0.000119
781     0.00019
780     0.000202
779     0.000205
778     0.000217
777     0.000212
776     0.000201
775     0.000223
774     0.000229
773     0.000182
772     0.000122
771     0.000113
770     0.000101
769     8.8E-05
768     1.3E-05
767     3E-05
766     -2.2E-05
765     5.5E-05
764     7.3E-05
763     8.5E-05
762     8.5E-05
761     -1E-06
760     -1.3E-05
759     -2.6E-05
758     3.8E-05
757     8.5E-05
756     5.1E-05
755     7.6E-05
754     3.7E-05
753     -1.9E-05
752     2E-05
751     6E-06
750     3E-05
749     5.8E-05
748     6.2E-05
747     6.9E-05
746     2.6E-05
745     0.000059
744     4.5E-05
743     2.1E-05
742     4.5E-05
741     6E-05
740     0.00005
739     0.000052
738     1.9E-05
737     3.3E-05
736     2.2E-05
735     -3E-06
734     0.000018
733     1.3E-05
732     1.7E-05
731     -0.000016
730     2.3E-05
729     0.000025
728     1.5E-05
727     3E-06
726     3.7E-05
725     0.000025
724     2.1E-05
723     1.4E-05
722     -2.3E-05
721     2E-06
720     1.5E-05
719     2.3E-05
718     0.000016
717     2E-05
716     -8E-06
715     -2.4E-05
714     -2.2E-05
713     2E-06
712     -4E-06
711     3.6E-05
710     5.1E-05
709     4.5E-05
708     4.3E-05
707     0.00005
706     4.4E-05
705     6E-05
704     6.2E-05
703     3.8E-05
702     6.6E-05
701     6E-06
700     2.1E-05
699     3.8E-05
698     0.000025
697     3.8E-05
696     7.8E-05
695     7.3E-05
694     7E-05
693     6.7E-05
692     7.2E-05
691     4.1E-05
690     4.6E-05
689     9E-05
688     0.00013
687     0.000139
686     0.000115
685     0.000126
684     0.000136
683     0.000102
682     7.3E-05
681     0.000105
680     0.000111
679     0.000149
678     0.000194
677     0.000243
676     0.000169
675     0.000159
674     7.6E-05
673     0.000134
672     0.0002
671     0.000264
670     0.000386
669     0.000386
668     0.000372
667     0.000345
666     0.000334
665     0.000304
664     0.000294
663     0.000288
662     0.000251
661     0.000227
660     0.000239
659     0.000266
658     0.000297
657     0.000335
656     0.000363
655     0.000366
654     0.000383
653     0.00049
652     0.000542
651     0.00056
650     0.000557
649     0.000569
648     0.000618
647     0.000626
646     0.00067
645     0.000687
644     0.000708
643     0.000752
642     0.000788
641     0.000843
640     0.000846
639     0.000865
638     0.000921
637     0.000954
636     0.001024
635     0.001075
634     0.001119
633     0.001166
632     0.001248
631     0.001283
630     0.001333
629     0.001397
628     0.001458
627     0.001537
626     0.001596
625     0.001646
624     0.001729
623     0.001795
622     0.001881
621     0.001948
620     0.002024
619     0.002106
618     0.002168
617     0.002252
616     0.002355
615     0.002454
614     0.002546
613     0.002646
612     0.00275
611     0.002876
610     0.002989
609     0.003136
608     0.003254
607     0.003395
606     0.00351
605     0.003669
604     0.003807
603     0.003979
602     0.004107
601     0.004274
600     0.004436
599     0.004601
598     0.004776
597     0.004934
596     0.0051
595     0.00528
594     0.005477
593     0.005705
592     0.005902
591     0.006109
590     0.006329
589     0.006514
588     0.00673
587     0.006933
586     0.007172
585     0.007432
584     0.007677
583     0.00791
582     0.008173
581     0.008414
580     0.008688
579     0.008963
578     0.009262
577     0.009546
576     0.009849
575     0.010147
574     0.010473
573     0.010777
572     0.011109
571     0.011443
570     0.0118
569     0.012141
568     0.012512
567     0.01286
566     0.013221
565     0.013587
564     0.013994
563     0.014402
562     0.014787
561     0.015207
560     0.015635
559     0.016062
558     0.016485
557     0.016894
556     0.01732
555     0.01776
554     0.018156
553     0.018588
552     0.019039
551     0.019496
550     0.019911
549     0.020377
548     0.020806
547     0.021237
546     0.021691
545     0.022172
544     0.022654
543     0.023116
542     0.023578
541     0.024035
540     0.024455
539     0.024946
538     0.025378
537     0.025832
536     0.026285
535     0.026724
534     0.02716
533     0.027582
532     0.02802
531     0.028436
530     0.029374
529     0.029812
528     0.030264
527     0.030717
526     0.03116
525     0.031621
524     0.032056
523     0.032469
522     0.032883
521     0.033295
520     0.033734
519     0.034099
518     0.034511
517     0.034896
516     0.03525
515     0.03561
514     0.035971
513     0.036296
512     0.036642
511     0.036944
510     0.037248
509     0.037546
508     0.037823
507     0.038096
506     0.038349
505     0.038596
504     0.03881
503     0.039024
502     0.039231
501     0.039412
500     0.039578
499     0.039745
498     0.039892
497     0.040012
496     0.04012
495     0.040208
494     0.040289
493     0.040369
492     0.040385
491     0.040435
490     0.040462
489     0.040473
488     0.04047
487     0.040445
486     0.040407
485     0.040337
484     0.040288
483     0.040171
482     0.040063
481     0.039928
480     0.039786
479     0.03965
478     0.039459
477     0.039289
476     0.039075
475     0.03886
474     0.038606
473     0.038348
472     0.038073
471     0.037774
470     0.037447
469     0.037136
468     0.036822
467     0.036475
466     0.036141
465     0.035785
464     0.035389
463     0.034981
462     0.034594
461     0.03419
460     0.033814
459     0.033402
458     0.032997
457     0.03258
456     0.032155
455     0.031723
454     0.031293
453     0.030825
452     0.030362
451     0.029908
450     0.029453
449     0.028955
448     0.02845
447     0.027948
446     0.027426
445     0.026957
444     0.026483
443     0.025975
442     0.025506
441     0.024999
440     0.024529
439     0.024055
438     0.023568
437     0.023064
436     0.022593
435     0.022123
434     0.021635
433     0.021139
432     0.020685
431     0.020182
430     0.019708
429     0.019272
428     0.018828
427     0.018396
426     0.017975
425     0.017577
424     0.017149
423     0.016745
422     0.016365
421     0.015966
420     0.015487
419     0.015107
418     0.014777
417     0.014436
416     0.014128
415     0.013797
414     0.013506
413     0.013219
412     0.012949
411     0.012674
410     0.012447
409     0.012241
408     0.012036
407     0.011793
406     0.011595
405     0.011358
404     0.011149
403     0.010947
402     0.010785
401     0.010605
400     0.010442
399     0.01028
398     0.010075
397     0.009955
396     0.009856
395     0.00975
394     0.009666
393     0.009647
392     0.009624
391     0.009611
390     0.009619
389     0.009605
388     0.009647
387     0.009683
386     0.009729
385     0.009733
384     0.009816
383     0.009875
382     0.009937
381     0.010005
380     0.010058
379     0.010126
378     0.010222
377     0.01037
376     0.010568
375     0.010777
374     0.011044
373     0.01137
372     0.011735
371     0.012167
370     0.01261
369     0.013152
368     0.013762
367     0.014429
366     0.015048
365     0.015827
364     0.016571
363     0.017429
362     0.018209
361     0.019157
360     0.02036
359     0.02141
358     0.022455
357     0.023537
356     0.024687
355     0.025835
354     0.026926
353     0.028056
352     0.029078
351     0.030021
350     0.031032
349     0.03191
348     0.032686
347     0.033436
346     0.034066
345     0.034632
344     0.035154
343     0.035575
342     0.035974
341     0.036309
340     0.036561
339     0.036696
338     0.036882
337     0.036945
336     0.036983
335     0.036936
334     0.036901
333     0.036764
332     0.036633
331     0.036395
330     0.036212
329     0.036024
328     0.035885
327     0.035722
326     0.035599
325     0.035545
324     0.035563
323     0.035667
322     0.0359
321     0.036144
320     0.036644
319     0.037342
318     0.038272
317     0.039411
316     0.040875
315     0.042796
314     0.045179
313     0.047897
312     0.051108
311     0.054863
310     0.059405
309     0.065293
308     0.071122
307     0.07778
306     0.085339
305     0.09322
304     0.102274
303     0.111776
302     0.121301
301     0.130795
300     0.139939
299     0.150883
298     0.160075
297     0.169201
296     0.177376
295     0.185476
294     0.193652
293     0.199202
292     0.208457
291     0.217724
290     0.228231
289     0.240214
288     0.245935
287     0.259697
286     0.275291
285     0.294521
284     0.31838
283     0.325433
282     0.354854
281     0.422531
280     0.589687
279     0.589522
278     0.589376
277     0.589205
276     0.588955
275     0.392164
274     0.344683
273     0.319689
272     0.299357
271     0.28072
270     0.264631
269     0.249847
268     0.236705
267     0.224368
266     0.212695
265     0.20234
264     0.192008
263     0.182197
262     0.1732
261     0.164193
260     0.155941
259     0.148245
258     0.141492
257     0.135268
256     0.130108
255     0.125771
254     0.122135
253     0.119402
252     0.117731
251     0.117482
250     0.118976
249     0.121938
248     0.1254
247     0.128147
246     0.129813
245     0.13069
244     0.131549
243     0.132963
242     0.134678
241     0.13624
240     0.137518
239     0.138372
238     0.138676
237     0.139004
236     0.138931
235     0.138811
234     0.139125
233     0.140119
232     0.143056
231     0.15137
230     0.183745
229     0.432387
228     0.390796
227     0.321744
