1100    0.00042
1099    0.00047
1098    0.00043
1097    0.00041
1096    0.00037
1095    0.00033
1094    0.0004
1093    0.00028
1092    0.00034
1091    0.00019
1090    0.00014
1089    0.0001
1088    9E-05
1087    3E-05
1086    1E-04
1085    0.0001
1084    2E-05
1083    -3E-05
1082    7E-05
1081    0.00089
1080    0.00096
1079    0.00088
1078    0.00069
1077    0.00058
1076    0.00059
1075    0.00062
1074    0.00069
1073    0.00077
1072    0.00086
1071    0.00093
1070    0.001
1069    0.00105
1068    0.00112
1067    0.00107
1066    0.00105
1065    0.00102
1064    0.00097
1063    0.00103
1062    0.00118
1061    0.00124
1060    0.00121
1059    0.00109
1058    0.0011
1057    0.00125
1056    0.00134
1055    0.00151
1054    0.00163
1053    0.00158
1052    0.00117
1051    0.0008
1050    0.00054
1049    0.00055
1048    0.00075
1047    0.00096
1046    0.00101
1045    0.00092
1044    0.00081
1043    0.00073
1042    0.00082
1041    0.00094
1040    0.00104
1039    0.00119
1038    0.00134
1037    0.00151
1036    0.0016
1035    0.00163
1034    0.00166
1033    0.00175
1032    0.00167
1031    0.00161
1030    0.00188
1029    0.00232
1028    0.00271
1027    0.00322
1026    0.00367
1025    0.00368
1024    0.00283
1023    0.00163
1022    0.0006
1021    0.00025
1020    0.00068
1019    0.00152
1018    0.00199
1017    0.00171
1016    0.00123
1015    0.00098
1014    0.00111
1013    0.00138
1012    0.00157
1011    0.00166
1010    0.0014
1009    0.00131
1008    0.00155
1007    0.00183
1006    0.00213
1005    0.00204
1004    0.00188
1003    0.00189
1002    0.00214
1001    0.00225
1000    0.00207
999     0.00176
998     0.00159
997     0.0017
996     0.00176
995     0.00181
994     0.00196
993     0.0022
992     0.0024
991     0.00243
990     0.00215
989     0.00184
988     0.00167
987     0.00178
986     0.00192
985     0.0018
984     0.0017
983     0.00175
982     0.00202
981     0.00216
980     0.00213
979     0.00218
978     0.00208
977     0.0022
976     0.00202
975     0.00201
974     0.00196
973     0.00196
972     0.0017
971     0.00169
970     0.00174
969     0.002
968     0.00207
967     0.00203
966     0.00191
965     0.00175
964     0.00139
963     0.00171
962     0.0013
961     0.00142
960     0.00199
959     0.00149
958     0.00244
957     0.00194
956     0.0024
955     0.00225
954     0.00226
953     0.00355
952     0.00116
951     0.00526
950     0.00132
949     0.00438
948     0.00232
947     0.00505
946     0.00207
945     0.00488
944     0.00349
943     0.00138
942     0.00347
941     0.00332
940     0.00422
939     0.00468
938     0.00362
937     0.00481
936     0.00392
935     0.00272
934     0.00303
933     0.00373
932     0.0031
931     0.00334
930     0.00378
929     0.00419
928     0.00449
927     0.00473
926     0.00486
925     0.005
924     0.005
923     0.00508
922     0.00501
921     0.0053
920     0.00543
919     0.0057
918     0.00544
917     0.00591
916     0.00542
915     0.00577
914     0.00534
913     0.0054
912     0.00541
911     0.00539
910     0.00544
909     0.00524
908     0.00498
907     0.00477
906     0.00493
905     0.00475
904     0.00488
903     0.00474
902     0.00466
901     0.00454
900     0.00496
899     0.00474
898     0.00461
897     0.00447
896     0.00455
895     0.00461
894     0.00472
893     0.00501
892     0.00534
891     0.00566
890     0.00609
889     0.00681
888     0.0074
887     0.0074
886     0.00663
885     0.00603
884     0.00486
883     0.00457
882     0.00485
881     0.00521
880     0.00514
879     0.00487
878     0.00477
877     0.0049
876     0.00506
875     0.00529
874     0.00549
873     0.00581
872     0.0059
871     0.00593
870     0.00584
869     0.00586
868     0.00583
867     0.00581
866     0.00594
865     0.00598
864     0.00605
863     0.00605
862     0.00604
861     0.00608
860     0.00597
859     0.00599
858     0.0059
857     0.00574
856     0.00558
855     0.00541
854     0.00507
853     0.00474
852     0.00466
851     0.0044
850     0.00417
849     0.00403
848     0.00369
847     0.00348
846     0.00317
845     0.0031
844     0.00289
843     0.00299
842     0.00313
841     0.00292
840     0.0026
839     0.00274
838     0.00271
837     0.00299
836     0.00314
835     0.00296
834     0.00267
833     0.00277
832     0.00288
831     0.00293
830     0.00251
829     0.00283
828     0.00291
827     0.00305
826     0.00305
825     0.00302
824     0.0032
823     0.00308
822     0.00297
821     0.00282
820     0.00248
819     0.00228
818     0.00267
817     0.00295
816     0.00341
815     0.00371
814     0.0033
813     0.00323
812     0.00304
811     0.0027
810     0.00314
809     0.0035
808     0.00379
807     0.00367
806     0.00373
805     0.00337
804     0.00331
803     0.00324
802     0.00315
801     0.00362
800     0.00354
799     0.00376
798     0.00381
797     0.00393
796     0.00357
795     0.00359
794     0.00371
793     0.00405
792     0.0044
791     0.00414
790     0.004
789     0.0041
788     0.00414
787     0.00406
786     0.00423
785     0.00417
784     0.00391
783     0.0041
782     0.00402
781     0.00398
780     0.00414
779     0.00426
778     0.00389
777     0.00393
776     0.00405
775     0.00453
774     0.00422
773     0.00438
772     0.00438
771     0.00456
770     0.0048
769     0.00438
768     0.00486
767     0.00506
766     0.00463
765     0.00449
764     0.0045
763     0.00461
762     0.00454
761     0.00544
760     0.00506
759     0.00521
758     0.00538
757     0.00511
756     0.00518
755     0.00507
754     0.00558
753     0.0058
752     0.00585
751     0.00594
750     0.00597
749     0.00604
748     0.00587
747     0.00625
746     0.00648
745     0.00649
744     0.0067
743     0.00675
742     0.00669
741     0.007
740     0.00686
739     0.00696
738     0.007
737     0.00707
736     0.00731
735     0.00746
734     0.00738
733     0.00747
732     0.00751
731     0.00756
730     0.00776
729     0.00777
728     0.00804
727     0.00816
726     0.00821
725     0.00841
724     0.00854
723     0.00865
722     0.00878
721     0.00879
720     0.00884
719     0.00902
718     0.00913
717     0.00962
716     0.00959
715     0.00965
714     0.00955
713     0.00968
712     0.00969
711     0.00979
710     0.01006
709     0.01014
708     0.01053
707     0.01069
706     0.01106
705     0.01099
704     0.01095
703     0.01117
702     0.01125
701     0.0115
700     0.01168
699     0.01215
698     0.01219
697     0.01213
696     0.01227
695     0.01231
694     0.01255
693     0.01275
692     0.01282
691     0.0131
690     0.01316
689     0.01343
688     0.01335
687     0.01342
686     0.0136
685     0.01373
684     0.01383
683     0.01405
682     0.01395
681     0.01394
680     0.01413
679     0.01413
678     0.01418
677     0.01432
676     0.01464
675     0.01486
674     0.01504
673     0.01475
672     0.01421
671     0.01412
670     0.01349
669     0.0136
668     0.01393
667     0.01481
666     0.01531
665     0.01611
664     0.01718
663     0.01859
662     0.01998
661     0.02072
660     0.02092
659     0.0211
658     0.0212
657     0.02152
656     0.02194
655     0.02264
654     0.02228
653     0.02048
652     0.02065
651     0.02083
650     0.02105
649     0.02137
648     0.02134
647     0.02157
646     0.02173
645     0.02196
644     0.02228
643     0.02256
642     0.0229
641     0.02303
640     0.02322
639     0.02335
638     0.02368
637     0.02399
636     0.02423
635     0.02433
634     0.02443
633     0.02471
632     0.02508
631     0.02533
630     0.02555
629     0.02583
628     0.02612
627     0.0262
626     0.02649
625     0.02663
624     0.02695
623     0.02727
622     0.02726
621     0.02771
620     0.02786
619     0.02784
618     0.02821
617     0.02834
616     0.02838
615     0.02883
614     0.0291
613     0.02919
612     0.02944
611     0.02959
610     0.02988
609     0.03004
608     0.03037
607     0.0307
606     0.03092
605     0.03113
604     0.0312
603     0.03131
602     0.03135
601     0.03148
600     0.03184
599     0.03193
598     0.03208
597     0.03226
596     0.03236
595     0.03247
594     0.03256
593     0.0327
592     0.0329
591     0.03307
590     0.03331
589     0.03363
588     0.03378
587     0.03403
586     0.03437
585     0.03442
584     0.0347
583     0.03485
582     0.03505
581     0.03521
580     0.0356
579     0.03574
578     0.03594
577     0.03603
576     0.03625
575     0.03634
574     0.03646
573     0.03649
572     0.03663
571     0.03648
570     0.03657
569     0.03662
568     0.0367
567     0.03667
566     0.03666
565     0.03671
564     0.03681
563     0.03685
562     0.03671
561     0.03679
560     0.03667
559     0.03663
558     0.03671
557     0.03655
556     0.03671
555     0.03671
554     0.03673
553     0.03668
552     0.03673
551     0.03666
550     0.03666
549     0.03653
548     0.03658
547     0.03654
546     0.03665
545     0.0365
544     0.03652
543     0.0365
542     0.03645
541     0.03639
540     0.03629
539     0.03621
538     0.03628
537     0.03625
536     0.03646
535     0.03631
534     0.03621
533     0.03621
532     0.03614
531     0.03633
530     0.0329
529     0.0328
528     0.03263
527     0.03256
526     0.03255
525     0.03251
524     0.03229
523     0.03208
522     0.03202
521     0.03186
520     0.03169
519     0.03145
518     0.03143
517     0.03134
516     0.03121
515     0.03105
514     0.03079
513     0.03077
512     0.03051
511     0.0303
510     0.03012
509     0.02993
508     0.02975
507     0.02961
506     0.02946
505     0.02935
504     0.02907
503     0.02881
502     0.02868
501     0.02859
500     0.02843
499     0.02851
498     0.02826
497     0.02825
496     0.02827
495     0.02794
494     0.02781
493     0.02749
492     0.02749
491     0.02718
490     0.02724
489     0.02705
488     0.02703
487     0.02685
486     0.02659
485     0.02647
484     0.02595
483     0.02575
482     0.02556
481     0.02533
480     0.02521
479     0.02516
478     0.02504
477     0.02443
476     0.02416
475     0.02398
474     0.02416
473     0.02438
472     0.0247
471     0.02481
470     0.02451
469     0.02438
468     0.02424
467     0.02411
466     0.02377
465     0.02352
464     0.02335
463     0.02302
462     0.02276
461     0.02254
460     0.02241
459     0.0224
458     0.02226
457     0.02203
456     0.02171
455     0.02148
454     0.02149
453     0.02129
452     0.02099
451     0.02024
450     0.02037
449     0.02026
448     0.02011
447     0.02008
446     0.01979
445     0.01982
444     0.01972
443     0.01969
442     0.01965
441     0.01948
440     0.01946
439     0.0194
438     0.01921
437     0.01932
436     0.0193
435     0.01905
434     0.01903
433     0.01918
432     0.01903
431     0.01899
430     0.01896
429     0.01883
428     0.01898
427     0.01885
426     0.01869
425     0.01855
424     0.0187
423     0.01867
422     0.01855
421     0.01856
420     0.01744
419     0.01737
418     0.0175
417     0.01738
416     0.01718
415     0.01717
414     0.01697
413     0.01695
412     0.01716
411     0.01732
410     0.01749
409     0.01732
408     0.01712
407     0.01689
406     0.01666
405     0.01645
404     0.01613
403     0.01582
402     0.01574
401     0.01557
400     0.01526
399     0.01513
398     0.01507
397     0.01489
396     0.0148
395     0.01462
394     0.0143
393     0.01406
392     0.01394
391     0.01381
390     0.01371
389     0.01352
388     0.01309
387     0.01296
386     0.01261
385     0.01256
384     0.01218
383     0.0122
382     0.01202
381     0.012
380     0.01186
379     0.01178
378     0.01158
377     0.01153
376     0.01159
375     0.01142
374     0.01122
373     0.01141
372     0.01125
371     0.01106
370     0.01113
369     0.01138
368     0.01143
367     0.01163
366     0.01207
365     0.01234
364     0.01276
363     0.01328
362     0.01354
361     0.01421
360     0.016
359     0.01703
358     0.01775
357     0.01866
356     0.01977
355     0.02046
354     0.02161
353     0.02274
352     0.02412
351     0.02531
350     0.02662
349     0.02795
348     0.02942
347     0.03093
346     0.0325
345     0.03445
344     0.03597
343     0.03776
342     0.03946
341     0.04158
340     0.04358
339     0.04567
338     0.04813
337     0.05073
336     0.05327
335     0.05553
334     0.05788
333     0.0603
332     0.06305
331     0.06559
330     0.06856
329     0.07096
328     0.07412
327     0.0771
326     0.08021
325     0.08335
324     0.08647
323     0.0889
322     0.09223
321     0.0957
320     0.09806
319     0.10108
318     0.10472
317     0.10802
316     0.11102
315     0.11467
314     0.11788
313     0.12209
312     0.12587
311     0.13028
310     0.1352
309     0.14165
308     0.14669
307     0.1527
306     0.15878
305     0.16543
304     0.17258
303     0.17991
302     0.18671
301     0.19363
300     0.20039
299     0.20808
298     0.21402
297     0.22075
296     0.22661
295     0.23293
294     0.23869
293     0.24514
292     0.25079
291     0.25641
290     0.26053
289     0.26457
288     0.26724
287     0.26994
286     0.27173
285     0.27251
284     0.27393
283     0.27463
282     0.27495
281     0.27522
280     0.27463
279     0.27357
278     0.27233
277     0.27022
276     0.26805
275     0.26434
274     0.2598
273     0.25366
272     0.24708
271     0.24045
270     0.23379
269     0.22748
268     0.22153
267     0.21567
266     0.21115
265     0.20667
264     0.20296
263     0.19896
262     0.19613
261     0.19332
260     0.19134
259     0.18952
258     0.1883
257     0.18737
256     0.18648
255     0.18549
254     0.18504
253     0.18352
252     0.18205
251     0.17981
250     0.17697
249     0.17382
248     0.17066
247     0.1676
246     0.16491
245     0.16263
244     0.16092
243     0.15953
242     0.15861
241     0.15783
240     0.15596
239     0.1542
238     0.1529
237     0.15276
236     0.15397
235     0.15598
234     0.15731
233     0.15989
232     0.162
231     0.16622
230     0.17041
