1100     -0.000663 
1099     -0.000672
1098     -0.000710
1097     -0.000710
1096     -0.000693
1095     -0.000662
1094     -0.000710
1093     -0.000656
1092     -0.000696
1091     -0.000692
1090     -0.000702
1089     -0.000733
1088     -0.000732
1087     -0.000718
1086     -0.000684
1085     -0.000704
1084     -0.000696
1083     -0.000715
1082     -0.000736
1081     -0.000738
1080     -0.000681
1079     -0.000701
1078     -0.000717
1077     -0.000735
1076     -0.000695
1075     -0.000708
1074     -0.000675
1073     -0.000681
1072     -0.000651
1071     -0.000652
1070     -0.000632
1069     -0.000653
1068     -0.000647
1067     -0.000666
1066     -0.000657
1065     -0.000662
1064     -0.000679
1063     -0.000663
1062     -0.000647
1061     -0.000660
1060     -0.000669
1059     -0.000723
1058     -0.000708
1057     -0.000729
1056     -0.000714
1055     -0.000725
1054     -0.000694
1053     -0.000677
1052     -0.000687
1051     -0.000722
1050     -0.000745
1049     -0.000751
1048     -0.000767
1047     -0.000765
1046     -0.000778
1045     -0.000777
1044     -0.000758
1043     -0.000748
1042     -0.000767
1041     -0.000749
1040     -0.000775
1039     -0.000748
1038     -0.000744
1037     -0.000744
1036     -0.000718
1035     -0.000760
1034     -0.000701
1033     -0.000746
1032     -0.000745
1031     -0.000793
1030     -0.000723
1029     -0.000720
1028     -0.000654
1027     -0.000714
1026     -0.000697
1025     -0.000712
1024     -0.000659
1023     -0.000677
1022     -0.000688
1021     -0.000679
1020     -0.000675
1019     -0.000658
1018     -0.000713
1017     -0.000709
1016     -0.000681
1015     -0.000674
1014     -0.000714
1013     -0.000716
1012     -0.000767
1011     -0.000769
1010     -0.000761
1009     -0.000797
1008     -0.000771
1007     -0.000758
1006     -0.000771
1005     -0.000809
1004     -0.000824
1003     -0.000795
1002     -0.000829
1001     -0.000808
1000     -0.000819
999      -0.000804
998      -0.000844
997      -0.000815
996      -0.000860
995      -0.000795
994      -0.000798
993      -0.000753
992      -0.000747
991      -0.000817
990      -0.000790
989      -0.000757
988      -0.000743
987      -0.000789
986      -0.000781
985      -0.000753
984      -0.000759
983      -0.000754
982      -0.000789
981      -0.000756
980      -0.000723
979      -0.000746
978      -0.000751
977      -0.000757
976      -0.000727
975      -0.000710
974      -0.000736
973      -0.000702
972      -0.000749
971      -0.000741
970      -0.000725
969      -0.000706
968      -0.000699
967      -0.000704
966      -0.000715
965      -0.000728
964      -0.000728
963      -0.000737
962      -0.000710
961      -0.000706
960      -0.000675
959      -0.000729
958      -0.000715
957      -0.000753
956      -0.000707
955      -0.000719
954      -0.000694
953      -0.000744
952      -0.000743
951      -0.000742
950      -0.000761
949      -0.000780
948      -0.000798
947      -0.000738
946      -0.000767
945      -0.000722
944      -0.000772
943      -0.000750
942      -0.000747
941      -0.000726
940      -0.000743
939      -0.000746
938      -0.000701
937      -0.000740
936      -0.000733
935      -0.000756
934      -0.000765
933      -0.000755
932      -0.000750
931      -0.000772
930      -0.000775
929      -0.000770
928      -0.000734
927      -0.000771
926      -0.000762
925      -0.000764
924      -0.000744
923      -0.000744
922      -0.000792
921      -0.000805
920      -0.000800
919      -0.000759
918      -0.000779
917      -0.000730
916      -0.000724
915      -0.000721
914      -0.000732
913      -0.000692
912      -0.000732
911      -0.000709
910      -0.000751
909      -0.000742
908      -0.000726
907      -0.000742
906      -0.000740
905      -0.000809
904      -0.000814
903      -0.000784
902      -0.000814
901      -0.000823
900      -0.000828
899      -0.000809
898      -0.000859
897      -0.000866
896      -0.000918
895      -0.000888
894      -0.000900
893      -0.000917
892      -0.000955
891      -0.000939
890      -0.000933
889      -0.000933
888      -0.000951
887      -0.000927
886      -0.000911
885      -0.000881
884      -0.000892
883      -0.000901
882      -0.000877
881      -0.000865
880      -0.000858
879      -0.000853
878      -0.000841
877      -0.000843
876      -0.000856
875      -0.000861
874      -0.000830
873      -0.000817
872      -0.000809
871      -0.000813
870      -0.000812
869      -0.000795
868      -0.000801
867      -0.000798
866      -0.000793
865      -0.000785
864      -0.000777
863      -0.000792
862      -0.000787
861      -0.000799
860      -0.000810
859      -0.000845
858      -0.000841
857      -0.000867
856      -0.000819
855      -0.000828
854      -0.000812
853      -0.000806
852      -0.000783
851      -0.000815
850      0.0012113
849      0.0011709
848      0.0012289
847      0.0012277
846      0.0012212
845      0.0011416
844      0.0010952
843      0.0010518
842      0.0010935
841      0.0011358
840      0.0012024
839      0.0011502
838      0.0011140
837      0.0010414
836      0.0011360
835      0.0012931
834      0.0013346
833      0.0013282
832      0.0012935
831      0.0011269
830      0.0010527
829      0.0011140
828      0.0011858
827      0.0011951
826      0.0011167
825      0.0010082
824      0.0010324
823      0.0010715
822      0.0011246
821      0.0011752
820      0.0011433
819      0.0010521
818      0.0010729
817      0.0009374
816      0.0009981
815      0.0010006
814      0.0010699
813      0.0011729
812      0.0012338
811      0.0013073
810      0.0012782
809      0.0012634
808      0.0011911
807      0.0011698
806      0.0011740
805      0.0011834
804      0.0012506
803      0.0012027
802      0.0011896
801      0.0010936
800      0.0011476
799      0.0011437
798      0.0011780
797      0.0011471
796      0.0011347
795      0.0010835
794      0.0011141
793      0.0011305
792      0.0012358
791      0.0012547
790      0.0012039
789      0.0011087
788      0.0010671
787      0.0010512
786      0.0010743
785      0.0010628
784      0.0011050
783      0.0011266
782      0.0011993
781      0.0012549
780      0.0012467
779      0.0012071
778      0.0011627
777      0.0011385
776      0.0011526
775      0.0011318
774      0.0011198
773      0.0011021
772      0.0011063
771      0.0011277
770      0.0011652
769      0.0011559
768      0.0011493
767      0.0011744
766      0.0011938
765      0.0012379
764      0.0011967
763      0.0012384
762      0.0012152
761      0.0012214
760      0.0012244
759      0.0012171
758      0.0012033
757      0.0012236
756      0.0012728
755      0.0012804
754      0.0012837
753      0.0013347
752      0.0013896
751      0.0013681
750      0.0013158
749      0.0012284
748      0.0011581
747      0.0011712
746      0.0011273
745      0.0012077
744      0.0012020
743      0.0012690
742      0.0012731
741      0.0012389
740      0.0011551
739      0.0011253
738      0.0011157
737      0.0011278
736      0.0011807
735      0.0011960
734      0.0012112
733      0.0012246
732      0.0012249
731      0.0012373
730      0.0012196
729      0.0012055
728      0.0012213
727      0.0012060
726      0.0011856
725      0.0011730
724      0.0011773
723      0.0012018
722      0.0011871
721      0.0011488
720      0.0011019
719      0.0011412
718      0.0011628
717      0.0011242
716      0.0011744
715      0.0011991
714      0.0012094
713      0.0011996
712      0.0011570
711      0.0011916
710      0.0012300
709      0.0012100
708      0.0011517
707      0.0011577
706      0.0011673
705      0.0011948
704      0.0011741
703      0.0011772
702      0.0011345
701      0.0011859
700      0.0011958
699      0.0012522
698      0.0012343
697      0.0012564
696      0.0011826
695      0.0012040
694      0.0011679
693      0.0011398
692      0.0011182
691      0.0010992
690      0.0011553
689      0.0011758
688      0.0012070
687      0.0012158
686      0.0011625
685      0.0011416
684      0.0011271
683      0.0011763
682      0.0012212
681      0.0012113
680      0.0012068
679      0.0011869
678      0.0011482
677      0.0011437
676      0.0011587
675      0.0011728
674      0.0011931
673      0.0011952
672      0.0012040
671      0.0012280
670      0.0012295
669      0.0012371
668      0.0012220
667      0.0011903
666      0.0012053
665      0.0012041
664      0.0012025
663      0.0012085
662      0.0012147
661      0.0012684
660      0.0012607
659      0.0012557
658      0.0012313
657      0.0012304
656      0.0012504
655      0.0011703
654      0.0011969
653      0.0011844
652      0.0011962
651      0.0011831
650      0.0012009
649      0.0012027
648      0.0012227
647      0.0012259
646      0.0011829
645      0.0011844
644      0.0012163
643      0.0012277
642      0.0012431
641      0.0012400
640      0.0012446
639      0.0012823
638      0.0012703
637      0.001266
636      0.0012306
635      0.0012444
634      0.0012589
633      0.0012777
632      0.0012691
631      0.0012707
630      0.0012448
629      0.0012296
628      0.0012819
627      0.0012705
626      0.0013194
625      0.0013140
624      0.0013647
623      0.0013736
622      0.0013960
621      0.0013659
620      0.0013268
619      0.0013404
618      0.0013625
617      0.0013596
616      0.0013612
615      0.0013135
614      0.0013474
613      0.0013490
612      0.0013878
611      0.0013993
610      0.0013458
609      0.0013427
608      0.0013491
607      0.0013475
606      0.0014055
605      0.0014138
604      0.0014040
603      0.0014214
602      0.0014111
601      0.0014509
600      0.0013637
599      0.0013956
598      0.0014351
597      0.0014608
596      0.0014640
595      0.0014516
594      0.0014103
593      0.0013863
592      0.0013752
591      0.0014008
590      0.0014264
589      0.0014307
588      0.0014491
587      0.0014768
586      0.0014847
585      0.0015041
584      0.0014732
583      0.0015144
582      0.0015002
581      0.0015045
580      0.0014963
579      0.0015334
578      0.0015915
577      0.0016057
576      0.0016523
575      0.0016586
574      0.0016653
573      0.0016760
572      0.0016474
571      0.0016685
570      0.0016871
569      0.0017408
568      0.0017252
567      0.0017360
566      0.0017354
565      0.0017842
564      0.0017979
563      0.0018440
562      0.0018598
561      0.001854
560      0.0019114
559      0.0019656
558      0.0020552
557      0.0020489
556      0.0020352
555      0.002055
554      0.0020751
553      0.0021134
552      0.0021322
551      0.0022000
550      0.0022319
549      0.0022427
548      0.0022606
547      0.0022985
546      0.0023492
545      0.0023860
544      0.0024427
543      0.0025179
542      0.0025700
541      0.0026382
540      0.0026893
539      0.0027298
538      0.0028216
537      0.0028635
536      0.0029241
535      0.0029891
534      0.0030675
533      0.0031927
532      0.0032386
531      0.0033026
530      0.0033034
529      0.0033654
528      0.0034278
527      0.0035341
526      0.0036458
525      0.0037410
524      0.0038103
523      0.0038674
522      0.0039608
521      0.0040911
520      0.0041764
519      0.0042876
518      0.0043828
517      0.004482
516      0.004555
515      0.0046542
514      0.0048141
513      0.0049663
512      0.0051067
511      0.0052437
510      0.0054079
509      0.0055804
508      0.0057518
507      0.0058884
506      0.0060015
505      0.0061247
504      0.0063006
503      0.0064555
502      0.0066579
501      0.0068573
500      0.0070746
499      0.0072641
498      0.0074342
497      0.0076194
496      0.0078259
495      0.0080162
494      0.0082663
493      0.0085128
492      0.0087725
491      0.0090281
490      0.0092978
489      0.0095854
488      0.0098588
487      0.0101221
486      0.0103335
485      0.0105929
484      0.0108664
483      0.0112241
482      0.0115353
481      0.0118514
480      0.0121835
479      0.0124834
478      0.0128211
477      0.0131791
476      0.0134991
475      0.0138
474      0.0141163
473      0.0145255
472      0.0149215
471      0.0152969
470      0.0157201
469      0.0160382
468      0.0164685
467      0.0168065
466      0.017191
465      0.0175685
464      0.0179943
463      0.0184289
462      0.0188621
461      0.0192854
460      0.0197346
459      0.0201637
458      0.020612
457      0.0210236
456      0.0215417
455      0.0220662
454      0.0226013
453      0.0230428
452      0.0234717
451      0.0239584
450      0.0244755
449      0.0249802
448      0.0254661
447      0.0259016
446      0.0264146
445      0.0269227
444      0.0274581
443      0.0279717
442      0.0285183
441      0.0290385
440      0.0296076
439      0.0301084
438      0.0306571
437      0.0311749
436      0.0317514
435      0.0323205
434      0.0329037
433      0.033475
432      0.0339743
431      0.0345061
430      0.0350287
429      0.0356511
428      0.0362514
427      0.0368822
426      0.0374441
425      0.0379911
424      0.0384399
423      0.0389892
422      0.0395042
421      0.0401428
420      0.0406949
419      0.0412298
418      0.0416955
417      0.0421899
416      0.0427525
415      0.0433118
414      0.0437947
413      0.044321
412      0.0448193
411      0.0453362
410      0.0457636
409      0.0462771
408      0.0468289
407      0.0473836
406      0.0477285
405      0.0481711
404      0.04848
403      0.0489375
402      0.0494197
401      0.0497948
400      0.0502319
399      0.050579
398      0.0510177
397      0.0514021
396      0.0516911
395      0.0520408
394      0.0523761
393      0.0526986
392      0.0530357
391      0.0532908
390      0.0535745
389      0.0537991
388      0.0540088
387      0.0541474
386      0.0543508
385      0.0544601
384      0.0545711
383      0.0547218
382      0.0549254
381      0.0550353
380      0.0551128
379      0.0551642
378      0.0551455
377      0.055188
376      0.055108
375      0.0550581
374      0.0551145
373      0.0550493
372      0.0550163
371      0.0548997
370      0.0548094
369      0.0546669
368      0.0545747
367      0.0544225
366      0.0542309
365      0.0539785
364      0.0537534
363      0.0534684
362      0.0533282
361      0.0531159
360      0.0530174
359      0.0527477
358      0.052435
357      0.0521101
356      0.0518827
355      0.0516717
354      0.0514346
353      0.051169
352      0.0509151
351      0.0507039
350      0.0505331
349      0.0502909
348      0.0502046
347      0.0502884
346      0.0503974
345      0.0505422
344      0.0506927
343      0.0510472
342      0.0514302
341      0.0519276
340      0.0534139
339      0.0543284
338      0.0552382
337      0.0563873
336      0.0577177
335      0.0595175
334      0.0615268
333      0.063748
332      0.0662541
331      0.0691369
330      0.0722902
329      0.0755747
328      0.0792899
327      0.0830265
326      0.0869822
325      0.0910009
324      0.0951337
323      0.0993699
322      0.10363
321      0.107988
320      0.112232
319      0.116535
318      0.120724
317      0.125024
316      0.129211
315      0.133411
314      0.137395
313      0.141162
312      0.144752
311      0.148215
310      0.151466
309      0.154489
308      0.157366
307      0.16009
306      0.162627
305      0.164904
304      0.166909
303      0.168796
302      0.170503
301      0.171967
300      0.173329
299      0.174491
298      0.175457
297      0.176223
296      0.176748
295      0.17707
294      0.177212
293      0.177272
292      0.177083
291      0.176749
290      0.176247
289      0.175561
288      0.174741
287      0.173785
286      0.172607
285      0.171382
284      0.170061
283      0.168471
282      0.166795
281      0.164923
280      0.163025
279      0.160868
278      0.158602
277      0.15623
276      0.153642
275      0.150799
274      0.147596
273      0.144261
272      0.140975
271      0.137673
270      0.134236
269      0.130764
268      0.127234
267      0.123693
266      0.120079
265      0.116441
264      0.112661
263      0.109089
262      0.105565
261      0.102202
260      0.0989587
259      0.0960484
258      0.093307
257      0.0908345
256      0.0886323
255      0.0868758
254      0.0853705
253      0.0841081
252      0.0830954
251      0.08228
250      0.0816841
249      0.0811703
248      0.0808259
247      0.0805184
246      0.0803327
245      0.0802466
244      0.0802591
243      0.0801781
242      0.0799056
241      0.0793836
240      0.0788134
239      0.0781023
238      0.0773436
237      0.0766361
236      0.076107
235      0.0758036
234      0.0756521
233      0.0758231
232      0.0764145
231      0.0777228
230      0.079888
