1100 7.67E-06
1099 -2.09E-05
1098 -2.75E-05
1097 -6.08E-05
1096 -5.31E-05
1095 -7.51E-05
1094 -7.15E-05
1093 -5.92E-05
1092 -7.75E-05
1091 -6.44E-05
1090 -6.54E-05
1089 -8.59E-05
1088 -8.39E-05
1087 -9.87E-05
1086 -6.66E-05
1085 -6.93E-05
1084 -4.48E-05
1083 -4.44E-05
1082 -2.13E-05
1081 -5.82E-05
1080 -3.55E-05
1079 -6.54E-05
1078 -6.30E-05
1077 -6.72E-05
1076 -4.83E-05
1075 -5.74E-05
1074 -3.11E-05
1073 -2.36E-05
1072 -3.24E-06
1071 2.42E-05
1070 2.43E-05
1069 -2.13E-05
1068 -7.34E-06
1067 -1.00E-05
1066 -1.65E-06
1065 8.29E-06
1064 8.54E-06
1063 4.16E-05
1062 2.89E-05
1061 2.81E-05
1060 9.08E-06
1059 5.02E-06
1058 9.26E-06
1057 -8.82E-06
1056 -1.42E-05
1055 -4.40E-05
1054 -3.38E-05
1053 3.55E-06
1052 -3.17E-06
1051 -2.98E-05
1050 -4.86E-05
1049 -6.35E-05
1048 -8.24E-05
1047 -7.54E-05
1046 -6.62E-05
1045 -3.28E-05
1044 -1.91E-05
1043 3.18E-06
1042 -1.90E-05
1041 5.45E-06
1040 -9.84E-06
1039 1.04E-05
1038 1.53E-05
1037 3.75E-05
1036 3.42E-05
1035 4.13E-05
1034 4.41E-05
1033 7.64E-05
1032 5.23E-05
1031 5.64E-05
1030 7.59E-05
1029 8.77E-05
1028 8.96E-05
1027 7.75E-05
1026 6.81E-05
1025 0.000115617
1024 9.25E-05
1023 0.000100281
1022 8.15E-05
1021 0.000101675
1020 0.000115389
1019 0.000114105
1018 0.00011119
1017 9.77E-05
1016 7.62E-05
1015 9.96E-05
1014 3.07E-05
1013 9.89E-05
1012 4.06E-05
1011 5.29E-05
1010 3.74E-06
1009 1.81E-05
1008 2.59E-05
1007 9.49E-06
1006 4.08E-05
1005 4.33E-05
1004 2.81E-05
1003 1.78E-05
1002 2.57E-05
1001 1.29E-05
1000 3.66E-05
999  5.61E-05
998  2.16E-05
997  7.08E-05
996  2.53E-05
995  0.000109751
994  5.86E-05
993  8.65E-05
992  0.000114619
991  8.45E-05
990  0.000104695
989  0.000105459
988  0.000108464
987  0.000104971
986  0.000111661
985  0.0001017
984  0.000147485
983  0.000103911
982  0.000154716
981  0.000128898
980  0.000144797
979  0.000124568
978  0.000132127
977  0.00011153
976  0.000132392
975  0.000152715
974  0.000173165
973  0.000166543
972  0.000112538
971  0.000143914
970  0.000157708
969  0.000164635
968  0.00017569
967  0.000210238
966  0.000196462
965  0.000175233
964  0.000175584
963  0.000154829
962  0.000186311
961  0.000209582
960  0.000201793
959  0.000170993
958  0.000196606
957  0.000185393
956  0.000201604
955  0.000166627
954  0.000151478
953  0.00018798
952  0.000169923
951  0.000196783
950  0.000190425
949  0.000196084
948  0.000167967
947  0.000170169
946  0.000204015
945  0.000198184
944  0.000219017
943  0.000237715
942  0.000234187
941  0.000256052
940  0.000232733
939  0.000226484
938  0.000223037
937  0.000238161
936  0.000243186
935  0.000191249
934  0.000242556
933  0.000225585
932  0.000246706
931  0.000227073
930  0.000257007
929  0.000233173
928  0.000267205
927  0.000244047
926  0.000217482
925  0.000236012
924  0.000263108
923  0.00025121
922  0.000247224
921  0.000215326
920  0.000207201
919  0.000207564
918  0.000204807
917  0.000270536
916  0.000239097
915  0.000288335
914  0.000229033
913  0.000283212
912  0.000275549
911  0.000296756
910  0.00030469
909  0.000304732
908  0.000315448
907  0.00030244
906  0.000268307
905  0.000237734
904  0.000225821
903  0.000269367
902  0.000227684
901  0.000245372
900  0.000227299
899  0.000248237
898  0.000175459
897  0.000152235
896  0.000124012
895  0.000145365
894  0.000157452
893  0.000132241
892  0.000120743
891  0.000142691
890  0.000172889
889  0.000174767
888  0.000157539
887  0.000197549
886  0.000212147
885  0.000237565
884  0.000228253
883  0.000238726
882  0.000251974
881  0.000253367
880  0.000245343
879  0.000261598
878  0.000254855
877  0.000248982
876  0.000265695
875  0.00027367
874  0.000301791
873  0.000305949
872  0.000293317
871  0.000291391
870  0.000278121
869  0.000281737
868  0.000284445
867  0.000289875
866  0.000303811
865  0.000306323
864  0.000331497
863  0.000299639
862  0.00031455
861  0.000315722
860  0.000310904
859  0.000288262
858  0.000309792
857  0.000284321
856  0.000313472
855  0.000317406
854  0.000344157
853  0.000355566
852  0.000344786
851  0.00033933
850  0.00376165
849  0.00369051
848  0.00352717
847  0.00346045
846  0.00336469
845  0.00330024
844  0.00333134
843  0.00335494
842  0.00347865
841  0.0036278
840  0.00376396
839  0.00372295
838  0.00360419
837  0.00354258
836  0.00361221
835  0.00377316
834  0.00370663
833  0.00373037
832  0.00371703
831  0.00368579
830  0.0036328
829  0.00366448
828  0.00369645
827  0.00364193
826  0.00362549
825  0.00359241
824  0.00361299
823  0.00361236
822  0.00362821
821  0.00365255
820  0.00370506
819  0.0036432
818  0.00374661
817  0.00369479
816  0.00374741
815  0.00364052
814  0.00368018
813  0.00373472
812  0.00382235
811  0.00392936
810  0.00388091
809  0.00386218
808  0.00380125
807  0.00386979
806  0.00385479
805  0.00390212
804  0.0039586
803  0.00393748
802  0.00393622
801  0.00387027
800  0.00384615
799  0.00382653
798  0.00381598
797  0.00382789
796  0.00379995
795  0.0037958
794  0.00383277
793  0.00385037
792  0.00395621
791  0.00394908
790  0.00389633
789  0.00385392
788  0.00383355
787  0.00385794
786  0.00383331
785  0.0038473
784  0.00392595
783  0.00395105
782  0.0040048
781  0.00400718
780  0.00402517
779  0.00403646
778  0.00400109
777  0.00400835
776  0.00396724
775  0.00395195
774  0.00393828
773  0.0039854
772  0.00403971
771  0.00406689
770  0.00409279
769  0.00410401
768  0.00407335
767  0.00404921
766  0.00408323
765  0.00411436
764  0.00411075
763  0.00411556
762  0.00409102
761  0.00407685
760  0.0040423
759  0.00403469
758  0.00408508
757  0.00414755
756  0.00416828
755  0.00417588
754  0.00413553
753  0.00423533
752  0.00422027
751  0.00422489
750  0.00420833
749  0.00422727
748  0.00420647
747  0.00423487
746  0.00418192
745  0.00427543
744  0.00425278
743  0.00430236
742  0.00427281
741  0.00428139
740  0.0041688
739  0.00416985
738  0.00421584
737  0.00426289
736  0.00429751
735  0.00429231
734  0.00428264
733  0.00425373
732  0.00422981
731  0.00424928
730  0.00429363
729  0.00432904
728  0.00439449
727  0.00441477
726  0.00440426
725  0.00436423
724  0.0043306
723  0.00432808
722  0.00432874
721  0.00432175
720  0.0042717
719  0.00428536
718  0.00432924
717  0.00431822
716  0.00436825
715  0.00437164
714  0.00438438
713  0.00438469
712  0.00438622
711  0.00443462
710  0.00444036
709  0.0044094
708  0.00437964
707  0.0043887
706  0.00445318
705  0.00448486
704  0.00445074
703  0.00441095
702  0.00439392
701  0.00443248
700  0.00444484
699  0.00444501
698  0.00443863
697  0.00446155
696  0.0044244
695  0.00444259
694  0.00444089
693  0.00446141
692  0.00442284
691  0.00446118
690  0.00450671
689  0.00455561
688  0.00459265
687  0.00463846
686  0.00462958
685  0.00461826
684  0.00464006
683  0.00467036
682  0.00471215
681  0.00468813
680  0.00467907
679  0.00466703
678  0.00465056
677  0.00464508
676  0.0046453
675  0.00466606
674  0.00466569
673  0.00469199
672  0.0047378
671  0.00477968
670  0.00478789
669  0.00478966
668  0.00475274
667  0.00473168
666  0.0047462
665  0.00478287
664  0.00479442
663  0.00478476
662  0.00480627
661  0.00485672
660  0.00484375
659  0.00485301
658  0.00484368
657  0.0048849
656  0.00486113
655  0.00481181
654  0.00483452
653  0.00487264
652  0.00488093
651  0.00489949
650  0.00487798
649  0.00488376
648  0.00486959
647  0.00491485
646  0.00492368
645  0.00494117
644  0.00498108
643  0.0049786
642  0.00498318
641  0.00496873
640  0.00497933
639  0.00503295
638  0.00505454
637  0.0050333
636  0.00501678
635  0.00500904
634  0.00502185
633  0.00504991
632  0.00503942
631  0.00504978
630  0.00503401
629  0.00504045
628  0.00510137
627  0.00507951
626  0.00510258
625  0.0051233
624  0.0051707
623  0.0051529
622  0.00511927
621  0.00511893
620  0.00512466
619  0.00515601
618  0.00514065
617  0.0051227
616  0.00510191
615  0.00513647
614  0.00516546
613  0.00520569
612  0.00521234
611  0.00522836
610  0.00519645
609  0.00517884
608  0.00519759
607  0.0052404
606  0.00531085
605  0.00533958
604  0.00532539
603  0.00532529
602  0.00532642
601  0.00539841
600  0.00538016
599  0.00542578
598  0.00544484
597  0.00545675
596  0.00544273
595  0.00543531
594  0.00541339
593  0.00542169
592  0.00542193
591  0.00546651
590  0.00548594
589  0.00545232
588  0.00543983
587  0.00544929
586  0.00548621
585  0.00552922
584  0.00552592
583  0.0055438
582  0.00553115
581  0.00552731
580  0.00552006
579  0.00555518
578  0.00558132
577  0.00559153
576  0.0056457
575  0.00566529
574  0.00568264
573  0.00568575
572  0.00566324
571  0.00564409
570  0.00566964
569  0.00568947
568  0.00567355
567  0.00567096
566  0.00568256
565  0.00571301
564  0.00573843
563  0.00575061
562  0.00574951
561  0.00576019
560  0.00581392
559  0.00584808
558  0.00588991
557  0.0058652
556  0.00580579
555  0.00586186
554  0.00584778
553  0.00589935
552  0.00585051
551  0.00590166
550  0.00590755
549  0.00589093
548  0.0059093
547  0.00593418
546  0.00598751
545  0.00598913
544  0.00600755
543  0.00599502
542  0.00598165
541  0.00600602
540  0.0060581
539  0.00607564
538  0.00608745
537  0.00609764
536  0.00612012
535  0.00614374
534  0.00617422
533  0.00619746
532  0.00618714
531  0.00615524
530  0.00613804
529  0.00615965
528  0.00614935
527  0.00618935
526  0.00622832
525  0.00625201
524  0.00623366
523  0.00622929
522  0.00623432
521  0.00629688
520  0.00628683
519  0.00629797
518  0.0063551
517  0.00634622
516  0.00631464
515  0.00628325
514  0.00635957
513  0.00637689
512  0.00642377
511  0.00643083
510  0.00645327
509  0.00648573
508  0.0065065
507  0.00650454
506  0.00655306
505  0.00650476
504  0.00654985
503  0.00649276
502  0.00652209
501  0.00656575
500  0.00661772
499  0.00667562
498  0.00668216
497  0.00668054
496  0.00668867
495  0.00667142
494  0.00668761
493  0.00673123
492  0.00681521
491  0.00683614
490  0.00687119
489  0.00689527
488  0.00691258
487  0.00692059
486  0.00690029
485  0.00690256
484  0.00691157
483  0.00693103
482  0.0069351
481  0.00695461
480  0.00700392
479  0.00698677
478  0.00699695
477  0.00703446
476  0.00706061
475  0.00704917
474  0.00707777
473  0.00711044
472  0.00716764
471  0.00716573
470  0.0071984
469  0.00715002
468  0.00718915
467  0.00718523
466  0.00721682
465  0.00725406
464  0.00729186
463  0.00730226
462  0.00727177
461  0.00728051
460  0.00732853
459  0.00737368
458  0.00739681
457  0.00741398
456  0.0074503
455  0.00749814
454  0.00757477
453  0.00759263
452  0.00760665
451  0.00764212
450  0.00766267
449  0.00770929
448  0.00769549
447  0.00767544
446  0.00771051
445  0.0077342
444  0.00777756
443  0.00780408
442  0.00783261
441  0.00781241
440  0.00785262
439  0.00787883
438  0.00791453
437  0.00795186
436  0.00797153
435  0.0079672
434  0.00799183
433  0.00804753
432  0.0080765
431  0.00805965
430  0.00805048
429  0.00811386
428  0.00825373
427  0.00838904
426  0.00843795
425  0.00840149
424  0.00836931
423  0.00842419
422  0.00846101
421  0.00851755
420  0.00859011
419  0.00865927
418  0.00860473
417  0.00855216
416  0.00846675
415  0.00846372
414  0.00851126
413  0.0086508
412  0.00874385
411  0.00880279
410  0.00870734
409  0.00878621
408  0.00881945
407  0.00892794
406  0.00890439
405  0.00898709
404  0.00896976
403  0.00902289
402  0.00911871
401  0.00912901
400  0.009224
399  0.00926036
398  0.00939088
397  0.00947237
396  0.0094873
395  0.00961406
394  0.0096483
393  0.00973209
392  0.00976591
391  0.00981296
390  0.0099197
389  0.0100512
388  0.0101755
387  0.0101981
386  0.0102565
385  0.0102531
384  0.0103223
383  0.0104826
382  0.010664
381  0.0107897
380  0.0108958
379  0.0110029
378  0.0110371
377  0.0111645
376  0.0112348
375  0.0113985
374  0.0115642
373  0.0117115
372  0.0118075
371  0.0119129
370  0.0118187
369  0.0119397
368  0.0121708
367  0.0123573
366  0.0125532
365  0.0126088
364  0.0128089
363  0.0129389
362  0.0132185
361  0.0132913
360  0.013532
359  0.0137384
358  0.0138985
357  0.0141624
356  0.0144046
355  0.014674
354  0.0148709
353  0.0150583
352  0.0151617
351  0.0154529
350  0.0157225
349  0.0159552
348  0.0162832
347  0.0166386
346  0.0170993
345  0.0175682
344  0.0180148
343  0.0185499
342  0.0188634
341  0.0192476
340  0.021241
339  0.0215244
338  0.0217275
337  0.0219942
336  0.0222299
335  0.0225062
334  0.0229801
333  0.0232831
332  0.0237732
331  0.0242335
330  0.0248267
329  0.0255103
328  0.0261698
327  0.0267014
326  0.0272727
325  0.0277543
324  0.0282476
323  0.0287555
322  0.029282
321  0.029928
320  0.0306117
319  0.0312607
318  0.0320169
317  0.0327506
316  0.0335409
315  0.0342835
314  0.0350317
313  0.0357925
312  0.0366632
311  0.03744
310  0.0382947
309  0.0389626
308  0.0397497
307  0.0405296
306  0.0413538
305  0.0422125
304  0.0430085
303  0.0438191
302  0.0446772
301  0.0455135
300  0.0464618
299  0.047541
298  0.04848
297  0.0494985
296  0.0505248
295  0.0515669
294  0.052774
293  0.0538991
292  0.0551261
291  0.0564629
290  0.0580078
289  0.0597793
288  0.0618401
287  0.0640454
286  0.0665023
285  0.0692887
284  0.0725046
283  0.0760826
282  0.0801527
281  0.0845805
280  0.0897321
279  0.0952605
278  0.101421
277  0.107958
276  0.114839
275  0.121724
274  0.128498
273  0.135331
272  0.142373
271  0.149433
270  0.156258
269  0.162839
268  0.16894
267  0.174548
266  0.179401
265  0.183375
264  0.186205
263  0.188018
262  0.188777
261  0.188575
260  0.187423
259  0.185362
258  0.182448
257  0.178721
256  0.17437
255  0.169453
254  0.164213
253  0.158639
252  0.152856
251  0.146921
250  0.14098
249  0.134995
248  0.129303
247  0.123805
246  0.118811
245  0.114227
244  0.110214
243  0.106301
242  0.102701
241  0.0991599
240  0.0960753
239  0.0934247
238  0.0913995
237  0.0899689
236  0.0891281
235  0.0889931
234  0.0893053
233  0.0901576
232  0.0914803
231  0.0932965
230  0.0957848
